Epoch	AverageEpRet	StdEpRet	MaxEpRet	MinEpRet	EpLen	AverageVVals	StdVVals	MaxVVals	MinVVals	TotalEnvInteracts	LossPi	LossV	DeltaLossPi	DeltaLossV	Entropy	KL	ClipFrac	StopIter	Time
0	-77.35899	47.60363	-3.025073	-126.125694	123.275	0.053200956	0.26975968	0.9511518	-0.8745567	5000	9.2029575e-09	2329.4028	-0.018664543	-682.8063	3.6718898	0.0094941165	0.112	79.0	6.706438064575195
1	-72.214264	49.049225	-1.5310291	-128.04318	134.69444	-12.992247	0.35780796	-10.640166	-13.390986	10000	-8.9645384e-09	1336.6125	-0.021947661	-167.26294	3.6964054	0.008656059	0.1164	79.0	12.93874192237854
2	-79.825584	44.675198	-4.722854	-127.99356	124.92308	-18.357779	0.16367845	-16.338835	-18.510216	15000	2.861023e-09	1354.3492	-0.019059302	-181.8197	3.7302694	0.008698595	0.0844	79.0	22.691439151763916
3	-70.102974	47.480618	1.7572924	-121.96182	140.65715	-23.67219	0.11684335	-22.812275	-23.778706	20000	-1.1634826e-08	927.5838	-0.019631617	-55.840576	3.703966	0.0081842635	0.1104	79.0	29.72760009765625
4	-77.56529	46.89553	-2.8726592	-121.368935	118.97619	-26.794977	0.13631117	-25.89922	-26.92285	25000	-2.4986267e-08	1113.159	-0.020467661	-80.81128	3.7062962	0.0071169	0.0976	79.0	38.62473487854004
5	-77.54099	46.37784	0.50833464	-138.46013	123.45	-30.461206	0.26271293	-26.063515	-30.678162	30000	7.1525574e-10	942.4978	-0.021134613	-86.85382	3.7545345	0.009125078	0.0854	79.0	45.48462104797363
6	-88.00976	42.48162	-2.9732969	-133.98698	115.25581	-31.695513	3.8459868	-13.319381	-33.989635	35000	-8.201599e-09	1056.0774	-0.020988874	-171.8252	3.7198355	0.0075716544	0.102	79.0	52.30942702293396
7	-74.03057	45.212322	-6.0992093	-128.89192	135.05405	-30.86149	10.3401985	-3.7766333	-38.824104	40000	2.8800965e-08	650.0048	-0.023590595	-125.166504	3.7382236	0.010306235	0.1224	79.0	58.77534103393555
8	-78.44232	44.097717	-4.560387	-126.337555	124.475	-30.68421	12.64618	-5.110885	-42.092793	45000	1.8692017e-08	688.7454	-0.02146392	-91.770325	3.6559157	0.009612475	0.104	79.0	65.40447402000427
9	-68.18542	49.541904	-3.6435533	-130.97833	143.23529	-29.11313	15.934678	-3.8650832	-45.137314	50000	1.8692017e-08	590.51996	-0.01034626	-109.522705	3.692972	0.017706243	0.2612	11.0	72.23373627662659
10	-56.036358	48.33539	-0.521243	-119.46718	142.5	-22.407953	16.186987	12.268002	-46.93082	55000	-1.4686584e-08	545.0511	-0.0047072945	-143.67764	3.648714	0.014550195	0.2024	3.0	78.87310314178467
11	-40.601757	42.56378	-7.439136	-117.89015	166.31035	-12.119798	14.184289	-3.7848618	-47.974915	60000	1.335144e-09	337.8889	-0.0049930974	-124.66754	3.659797	0.01704754	0.2398	4.0	84.74908518791199
12	-13.460311	3.7944992	-5.933143	-22.81391	200.0	-7.097583	6.654526	4.270027	-48.08177	65000	-3.3378602e-09	40.499855	-0.017921887	-36.22281	3.694123	0.0062892446	0.0976	79.0	91.44471406936646
13	-32.824825	37.252243	-6.05243	-119.53702	178.44444	-6.361343	4.050039	4.059398	-48.089188	70000	-3.7670137e-08	298.5367	-0.01060234	-156.03596	3.614407	0.014850171	0.1634	13.0	97.48132920265198
14	-43.597492	41.942047	-10.808955	-117.94834	162.96666	-12.17115	13.333108	0.31232715	-49.081852	75000	-6.7710877e-09	220.61917	-0.009745042	-51.94374	3.60518	0.015016692	0.1588	14.0	103.59557390213013
15	-32.481888	38.046562	-6.7569747	-117.689224	181.18518	-9.434594	10.57968	7.409334	-50.37858	80000	3.7193297e-09	188.10628	-0.010081854	-43.884872	3.5903344	0.020706346	0.3242	13.0	109.69471788406372
16	-18.417168	17.709324	-8.609007	-101.62421	194.88	-7.5893435	6.3921585	9.979087	-51.220665	85000	-4.196167e-09	29.585985	-0.019526318	-13.79001	3.6151538	0.008300736	0.1098	79.0	116.056715965271
17	-20.922455	23.809315	-7.743876	-104.999084	192.0	-7.6436577	7.657652	7.5605664	-51.476532	90000	7.820129e-09	38.982086	-0.021030115	-7.1897926	3.588361	0.008625331	0.1152	79.0	122.18372392654419
18	-21.20441	24.38962	-10.076333	-107.25071	189.84616	-6.9294634	6.113859	1.7637546	-51.84859	95000	1.4305114e-08	38.163475	-0.020491507	-7.7883625	3.5868876	0.008885362	0.1514	79.0	127.88894200325012
19	-13.945949	3.5776894	-7.548743	-20.907427	200.0	-6.719083	3.6959217	4.3588448	-38.93244	100000	-1.8978119e-08	10.948823	-0.01505773	-8.626562	3.5459778	0.006712984	0.104	79.0	133.57390522956848
20	-24.443909	31.241892	-8.409179	-115.81414	186.92308	-7.0375195	6.537543	4.9413524	-52.326748	105000	-4.2915346e-08	95.84091	-0.019873474	-46.28296	3.5056367	0.010576573	0.1172	79.0	140.1250820159912
21	-13.635397	3.0042136	-9.543171	-19.88318	200.0	-6.205029	2.83907	2.0872474	-34.51278	110000	1.0681152e-08	6.1613674	-0.018192144	-4.2169523	3.538001	0.0064426865	0.086	79.0	146.72009110450745
22	-13.6621	3.4112043	-8.850051	-24.104567	200.0	-5.8089414	2.29772	6.296891	-35.721367	115000	2.4795532e-09	5.5851607	-0.018664476	-2.9621346	3.5176578	0.010298717	0.1378	79.0	153.25517320632935
23	-12.717859	2.9635866	-9.528286	-20.78916	200.0	-5.5389123	0.87430507	-3.6148229	-17.133886	120000	-4.196167e-09	1.3503247	-0.01829426	-0.20374739	3.3975196	0.0068457504	0.1292	79.0	159.99435210227966
24	-11.983046	2.464613	-8.8187275	-18.75261	200.0	-5.4899178	0.63434374	-0.3437143	-14.286062	125000	-2.0217895e-08	1.2438953	-0.005587434	-0.12065017	3.3321853	0.009810637	0.1304	3.0	166.27202987670898
25	-12.731195	2.6389074	-7.9655523	-18.508411	200.0	-5.3358774	0.92946464	-0.0648312	-11.949229	130000	-7.4386595e-09	2.4467843	-0.017092947	-0.3110764	3.3584774	0.007554483	0.0922	79.0	172.3098680973053
26	-11.250152	2.175694	-5.512874	-16.630737	200.0	-5.3425717	0.9093272	1.8612791	-12.4970665	135000	9.918213e-09	1.1907718	-0.020401044	-0.09194994	3.288289	0.0061837602	0.1042	79.0	178.37696814537048
27	-10.994494	1.9991812	-7.5204763	-14.874447	200.0	-5.1917925	0.89469594	4.450513	-10.671944	140000	9.822846e-09	1.1101233	-0.0064515355	-0.1305595	3.2476816	0.013494659	0.1622	3.0	184.29024624824524
28	-9.739367	2.3916733	-5.3490524	-14.323214	200.0	-5.1687064	0.87262064	1.3463234	-9.767985	145000	1.1157989e-08	1.4878678	-0.016307497	-0.3886336	3.2492023	0.0074493918	0.101	79.0	190.79025888442993
29	-14.606842	20.010244	-8.087823	-112.25422	193.8	-4.910886	0.9445434	5.7550883	-10.749982	150000	1.2969971e-08	67.48296	-0.015554017	-6.604126	3.1693068	0.0103819035	0.128	79.0	197.15951991081238
30	-10.651935	2.518269	-5.4691577	-15.808803	200.0	-5.586275	0.9772964	-4.1683197	-14.287606	155000	3.089905e-08	2.7306511	-0.017557662	-0.69066715	3.1794107	0.0031919987	0.0836	79.0	203.825758934021
31	-10.673756	2.396342	-4.495567	-15.433745	200.0	-5.070949	0.6018957	-1.7333627	-9.204478	160000	-3.4332275e-09	1.3372216	-0.016666329	-0.10944283	3.1460931	0.007265132	0.0988	79.0	209.66236424446106
32	-13.5037985	20.352512	-4.7080126	-112.78795	194.08	-4.9425306	0.53332347	-0.60691416	-8.605155	165000	-2.1076202e-08	67.2925	-0.0073768697	-2.0636292	3.102386	0.016343761	0.1976	13.0	215.62729692459106
33	-9.712342	1.6046196	-6.313895	-13.401569	200.0	-5.3298306	0.82508576	-1.4891999	-17.109097	170000	-5.340576e-09	1.6650057	-0.018112272	-0.6088971	3.1075542	0.0065444657	0.1	79.0	222.19989705085754
34	-8.768565	2.4420793	-4.509355	-17.146696	200.0	-4.811142	0.55099726	-1.8959628	-12.696575	175000	-2.8324127e-08	2.0308995	-0.010182928	-0.36079872	3.011041	0.016498098	0.1838	11.0	228.26872897148132
35	-20.251291	32.19951	-3.8493025	-115.81674	185.18518	-4.4279556	0.5463241	-0.7385809	-10.29107	180000	-1.3923645e-08	210.6806	-0.007266774	-10.987198	3.0242703	0.011207916	0.1206	4.0	234.10217690467834
36	-9.453699	2.8196352	-4.0137258	-18.107952	200.0	-6.973311	1.2664728	-6.476041	-26.950687	185000	3.051758e-08	7.427639	-0.01725545	-4.099347	3.00683	0.002459477	0.0732	79.0	240.46978306770325
37	-13.494717	19.454964	-4.368651	-108.26216	194.12	-5.4410024	0.47354335	-2.9311805	-23.96053	190000	8.9645384e-09	62.177395	-0.010541602	-4.087246	2.9573758	0.015903283	0.1626	20.0	246.584153175354
38	-9.62127	1.4116857	-6.760146	-12.2705765	200.0	-5.5181837	1.3454403	-3.8965774	-38.421032	195000	-8.773804e-09	2.6485558	-0.015694873	-1.9307809	2.9467096	0.0041382555	0.0894	79.0	253.257150888443
39	-10.32494	1.8562504	-5.2892494	-16.154678	200.0	-4.887932	0.4560011	-2.652175	-8.036918	200000	-1.2588501e-08	1.2696781	-0.016382007	-0.11085999	2.8481312	0.0059662485	0.0868	79.0	259.870512008667
40	-9.577023	1.0998502	-7.400293	-12.261085	200.0	-4.872803	0.4276037	-3.7522829	-12.634699	205000	8.392334e-09	0.45665678	-0.016771754	-0.096036375	2.7830043	0.0073496825	0.1168	79.0	266.2154459953308
41	-9.242618	1.1675702	-6.3936963	-12.727402	200.0	-4.8153934	0.35479674	-3.3545277	-5.884755	210000	-3.2043456e-08	0.37948883	-0.016164301	-0.056076616	2.6975825	0.004926389	0.0888	79.0	272.5390498638153
42	-8.890576	1.3922203	-3.6456692	-10.293653	200.0	-4.5775447	0.41941884	-3.0949745	-10.472841	215000	9.918213e-09	0.79848933	-0.019212771	-0.103833556	2.6893778	0.0071463594	0.1158	79.0	279.8006830215454
43	-8.701552	1.6300042	-3.6599724	-11.712884	200.0	-4.397889	0.4435092	-2.5516653	-11.901709	220000	7.6293943e-10	1.1435573	-0.009122653	-0.20099461	2.6343086	0.014125465	0.1912	12.0	287.3101170063019
44	-8.507819	1.1480012	-6.3395247	-11.288469	200.0	-4.201426	0.40654317	-2.2312346	-5.5004616	225000	-1.9454957e-08	0.36391798	-0.015629523	-0.03638786	2.6007712	0.008954298	0.1146	79.0	294.0886800289154
45	-8.281052	1.3787029	-4.662874	-9.849023	200.0	-4.087425	0.493036	-2.1361935	-12.059556	230000	1.5163423e-08	0.8762811	-0.014725133	-0.09303385	2.5471296	0.007875662	0.098	79.0	300.63076400756836
46	-8.342832	1.1817257	-5.7878604	-10.026447	200.0	-4.0734572	0.41887265	-2.2209451	-5.6929593	235000	-1.8692017e-08	0.30344516	-0.01594326	-0.02129659	2.4914336	0.00426702	0.0672	79.0	307.0485758781433
47	-8.11651	1.0130515	-5.4920797	-9.785493	200.0	-4.0663548	0.44992924	-2.0837893	-4.869803	240000	1.3351441e-08	0.30791387	-0.019623103	-0.030850917	2.5103016	0.010237065	0.137	79.0	313.41073298454285
48	-8.809997	1.9022906	-3.7215543	-15.743962	200.0	-3.9525766	0.53842694	-1.8453889	-7.897026	245000	-1.2874604e-08	0.7214348	-0.01004046	-0.07323319	2.4861138	0.014827219	0.1412	11.0	319.50715804100037
49	-7.4777336	1.6477334	-3.0931833	-9.363274	200.0	-4.07126	0.35556287	-2.2184246	-5.852554	250000	-1.2969971e-08	0.67552155	-0.0055431756	-0.18557486	2.41927	0.011769078	0.1482	3.0	325.7354941368103
50	-7.6415095	0.83519846	-4.9934473	-8.778605	200.0	-3.8552876	0.494499	-1.7115856	-5.3132153	255000	-1.5258789e-09	0.28068915	-0.015945403	-0.030349702	2.4266672	0.007881421	0.0922	79.0	333.4961898326874
51	-7.345174	1.1735904	-3.5264525	-8.967265	200.0	-3.766925	0.4244737	-1.856958	-5.219411	260000	1.7261506e-08	0.30732828	-0.01936733	-0.039275706	2.3829105	0.010384534	0.147	79.0	342.05514216423035
52	-7.3313704	2.2284915	-1.3869051	-14.685081	200.0	-3.5338488	0.5234705	-1.5754112	-5.9167175	265000	9.536744e-10	0.7484007	-0.0034135634	-0.02401805	2.3196874	0.018072532	0.2798	2.0	349.0601930618286
53	-6.5189147	1.2288394	-3.3245237	-8.924031	200.0	-3.474036	0.42565835	-1.660633	-4.8370132	270000	2.9277802e-08	0.42505524	-0.01788279	-0.10199633	2.3168442	0.010740863	0.1226	79.0	355.2976291179657
54	-6.269751	1.2673378	-2.5108266	-7.8570423	200.0	-3.2503123	0.52367055	-1.3790252	-5.021249	275000	-1.2588501e-08	0.51846457	-0.0039519253	-0.07451525	2.2844574	0.016297396	0.154	2.0	360.8471291065216
55	-5.896554	1.248584	-3.197945	-8.029302	200.0	-3.0720477	0.56080365	-1.1221416	-4.2433596	280000	2.2125244e-08	0.4400657	-0.018127628	-0.12613183	2.3009024	0.010212833	0.121	79.0	367.1237621307373
56	-5.440944	1.8367747	-1.9342833	-8.709328	200.0	-2.924767	0.62316734	0.07959181	-4.2926126	285000	-8.106232e-09	0.44781163	-0.018518185	-0.077896535	2.2131612	0.0069423765	0.0986	79.0	373.98553800582886
57	-5.508405	1.4841657	-2.024122	-8.088913	200.0	-2.704408	0.74373937	0.15758169	-7.5121317	290000	2.0980835e-09	0.53287846	-0.018030493	-0.051626325	2.2142968	0.0070417677	0.098	79.0	380.4625971317291
58	-9.480164	20.941032	-2.0487533	-111.80133	193.84	-2.6307662	0.7807149	0.23903084	-5.504382	295000	1.7642975e-09	66.612114	-0.007147034	-7.601166	2.1938407	0.014917409	0.2036	5.0	386.2630500793457
59	-8.908486	21.518604	-0.04621976	-113.80671	193.84	-3.4876578	2.2446072	-1.2533457	-44.223633	300000	2.861023e-09	64.80045	-0.0058314106	-3.8986092	2.1814513	0.019073272	0.2654	7.0	392.34099102020264
60	-5.3809643	1.5287836	-1.5998696	-7.880373	200.0	-3.1287966	1.7491071	-1.5049291	-45.773846	305000	-3.0517577e-09	3.5989265	-0.013477913	-2.9836416	2.1826007	0.008306828	0.1028	79.0	399.3753409385681
61	-8.930362	20.06331	-0.35035664	-106.72358	193.44	-2.6799955	0.5814413	-1.2457333	-7.9201727	310000	1.5735626e-08	51.152462	-0.0053686793	-5.0884857	2.1092837	0.018613117	0.2956	4.0	404.8488109111786
62	-4.8583226	1.609846	-0.65962696	-7.625093	200.0	-2.942666	1.7078122	-0.33985937	-44.41329	315000	-1.2207031e-08	3.276029	-0.013343662	-2.016563	2.1216223	0.0067461007	0.0808	79.0	411.70198607444763
63	-10.135674	23.80169	-0.5227015	-126.33076	197.16	-2.5152853	0.9220611	0.24997324	-8.646924	320000	-2.9277802e-08	116.48024	-0.0055044224	-14.977158	2.0959032	0.02489707	0.3542	3.0	417.10021018981934
64	-9.717185	21.611767	-2.1331491	-115.38735	194.12	-4.067777	1.0559905	-3.3349807	-42.22555	325000	-1.1444092e-08	65.46809	-0.008642692	-3.4741058	2.1203074	0.01693948	0.1682	22.0	422.5985291004181
65	-5.831084	2.514453	-1.9952503	-16.034208	200.0	-3.655006	0.9659119	-3.3639393	-39.14118	330000	1.5258789e-09	3.191546	-0.014213256	-1.4958547	2.138762	0.0053353114	0.0926	79.0	428.4189450740814
66	-9.526749	22.187801	0.053319458	-117.89309	194.08	-2.9341645	1.3221895	-1.9899979	-44.418983	335000	1.6212464e-08	69.894516	-0.015968332	-3.5728455	2.0383954	0.0052840277	0.1424	79.0	434.15755105018616
67	-5.5283155	1.3149234	-2.440713	-7.6362214	200.0	-3.1416488	0.76077974	-2.461403	-30.63409	340000	-8.392334e-09	2.5128536	-0.014652373	-0.9000292	2.0426633	0.010389474	0.1052	79.0	440.11424827575684
68	-5.7551904	1.2296758	-2.974294	-8.513935	200.0	-2.511818	0.21734264	-1.8311598	-8.6524935	345000	-1.2207031e-08	0.66369563	-0.018263184	-0.029572368	1.9576688	0.0093894685	0.1134	79.0	445.91856622695923
69	-5.3648643	2.7517328	-0.41874057	-15.235313	200.0	-2.5366566	0.21945047	-1.9031982	-10.295317	350000	4.005432e-09	2.113327	-0.015908998	-0.35163403	1.8824393	0.010912154	0.1066	79.0	451.67707324028015
70	-10.133905	22.23861	-0.39356253	-118.78207	194.76	-2.5372698	0.69432586	-1.5469567	-30.711954	355000	1.3351441e-08	80.96372	-0.008504781	-7.425087	1.8810188	0.015529996	0.1576	5.0	457.4629738330841
71	-5.3447356	1.1781653	-3.0159853	-7.5627084	200.0	-3.4628215	0.40674207	-3.0208015	-11.629314	360000	-3.0517577e-09	1.3755964	-0.015837481	-0.5937033	1.8417675	0.0036759085	0.0934	79.0	463.1877841949463
72	-5.1369996	1.2824415	-1.5695946	-7.213109	200.0	-2.8269262	0.14994088	-1.6346562	-4.3749695	365000	3.3283232e-08	1.0406582	-0.017908275	-0.12583303	1.86528	0.0076114624	0.1086	79.0	468.93370485305786
73	-9.702402	21.873466	-0.52462184	-116.49577	194.28	-2.6543837	1.3835647	-1.4411643	-42.36603	370000	3.1948089e-09	70.35199	-0.010911094	-3.5229034	1.7936256	0.015658613	0.173	15.0	474.3455150127411
74	-5.8710604	1.1969835	-2.9907422	-8.358794	200.0	-3.1509292	0.54036534	-2.352931	-13.978981	375000	2.4032593e-08	0.7483482	-0.0075578084	-0.35093954	1.8038214	0.007839473	0.0678	3.0	479.71553111076355
75	-4.856662	1.5335343	-0.2817646	-7.6434393	200.0	-2.8419702	0.8167745	-1.7744669	-37.372105	380000	-3.4332275e-09	2.2198186	-0.0019850505	-1.4300373	1.7810125	0.013740146	0.2102	2.0	485.05057191848755
76	-5.2439227	1.0156158	-2.7766926	-7.0429225	200.0	-2.3797085	0.61169064	-0.8787837	-4.221419	385000	1.9836426e-08	0.37799323	-0.006898244	-0.06334078	1.8045961	0.0133705875	0.142	8.0	490.44090485572815
77	-4.7572026	1.2272594	-1.2035929	-6.661182	200.0	-2.3649907	0.4626285	-0.86653405	-4.0888066	390000	9.536743e-09	0.44820175	-0.008515441	-0.055645287	1.7998772	0.01832785	0.192	9.0	495.81680607795715
78	-4.744637	1.6463522	0.10412871	-6.621262	200.0	-2.1982467	0.5255894	-0.61805856	-9.919814	395000	-6.7710877e-09	0.9256873	-0.015932402	-0.10049701	1.7765052	0.0048136045	0.094	79.0	501.5417540073395
79	-4.9138722	1.5514339	0.29866913	-7.5837326	200.0	-2.0792558	0.44128123	-0.44965	-3.1649709	400000	-1.449585e-08	0.4939497	-0.015286742	-0.02272144	1.764505	0.00865957	0.0906	79.0	507.284175157547
80	-5.1140633	1.1870743	-2.2843952	-7.7488456	200.0	-2.1424508	0.3898176	-0.5325096	-3.5889657	405000	-1.0490417e-08	0.3832882	-0.017954132	-0.009315163	1.7014968	0.005722796	0.1114	79.0	513.3890810012817
81	-4.399764	1.0526099	-2.1910443	-6.183825	200.0	-2.1452074	0.42436212	-0.5541988	-3.7001505	410000	1.5449524e-08	0.37105274	-0.0052190656	-0.055381835	1.6192211	0.01684075	0.218	2.0	518.8665971755981
82	-4.7130384	1.1848121	-2.7048306	-7.226769	200.0	-1.9682069	0.3699428	-0.3081059	-3.2581692	415000	-1.1825562e-08	0.355625	-0.016266678	-0.014877498	1.6418209	0.0034342904	0.0958	79.0	524.6305830478668
83	-4.1540236	1.7121723	0.33544898	-6.679042	200.0	-1.9722121	0.4265744	-0.23993796	-3.853785	420000	1.3828277e-08	0.7280361	-0.014329939	-0.047551095	1.6366621	0.007056153	0.0882	79.0	530.3695950508118
84	-3.327456	1.6528654	1.609147	-6.4485664	200.0	-1.7651279	0.5034825	-0.12706429	-3.1976135	425000	-1.7166137e-09	0.6310539	-0.020477662	-0.09570634	1.5921433	0.01002249	0.112	79.0	536.135801076889
85	-3.4660635	1.6735529	1.5601038	-6.1216702	200.0	-1.5107477	0.55238765	0.096319914	-2.7346225	430000	-3.2424927e-09	0.5470843	-0.01862622	-0.033497036	1.5371345	0.008568297	0.1236	79.0	541.8774969577789
86	-3.076493	1.5871018	0.19191647	-6.0072055	200.0	-1.4857937	0.49330816	0.2149443	-2.5695343	435000	-1.0681152e-08	0.47259107	-0.019836415	-0.02579546	1.4933608	0.0065629957	0.1322	79.0	547.627788066864
87	-3.164024	1.5097613	-0.050492644	-6.055987	200.0	-1.3217009	0.5374835	0.35811	-2.4105415	440000	8.392334e-09	0.4267529	-0.018921224	-0.01310432	1.3942951	0.010081805	0.105	79.0	553.3716630935669
88	-7.8918257	22.918575	-0.5916565	-120.01197	194.44	-1.3083535	0.5970117	0.4103672	-6.3202853	445000	2.7656555e-09	82.27366	-0.008210441	-14.718483	1.3968946	0.014242877	0.1562	4.0	558.7444460391998
89	-3.454996	1.8855859	1.1352772	-7.2730784	200.0	-2.254704	1.8420997	-1.3246896	-48.85378	450000	1.2397766e-08	5.584828	-0.012885707	-4.3933907	1.3957835	0.005237727	0.1086	79.0	564.4874920845032
90	-3.338105	1.6671464	0.99829483	-7.076531	200.0	-1.6052928	0.23729086	0.28918916	-3.0354593	455000	-1.7166137e-08	1.0993191	-0.016667766	-0.34312087	1.3373959	0.0063456367	0.0986	79.0	570.6034030914307
91	-3.0596302	1.7725618	1.0859805	-6.142153	200.0	-1.421017	0.51055455	0.35696715	-1.7749379	460000	-3.376007e-08	0.37060702	-0.020036137	-0.02402705	1.2607689	0.006944937	0.1094	79.0	576.4198441505432
92	-2.9369118	1.8649333	1.4202883	-7.4563265	200.0	-1.3182933	0.6350427	0.43200058	-1.8173165	465000	-8.869171e-09	0.6474123	-0.008574547	-0.029649794	1.2591746	0.014412239	0.1452	8.0	581.800656080246
93	-2.8007257	1.5128629	0.9297722	-5.7444	200.0	-1.3439647	0.6032057	0.45116693	-1.7601852	470000	-1.0204316e-08	0.43992642	-0.019629108	-0.021868855	1.2245172	0.009274806	0.1054	79.0	587.5478000640869
94	-7.2955236	23.596073	0.35120857	-122.668755	195.88	-1.240129	0.73281544	0.6277408	-7.7189302	475000	-2.1839142e-08	99.51795	-0.0069360062	-18.077393	1.1901727	0.014320587	0.1832	8.0	592.9396011829376
95	-2.362562	1.7774978	0.25457692	-7.3749423	200.0	-2.3085976	0.50426245	-2.209311	-15.05376	480000	-2.746582e-08	3.3201165	-0.019028565	-1.4318837	1.1978655	0.010963402	0.1128	79.0	598.6988830566406
96	-1.6591779	1.5589236	0.9978352	-4.5341234	200.0	-1.8877614	0.39257142	-1.2143645	-8.547932	485000	5.598068e-08	1.1224961	-0.01880667	-0.5959402	1.1304859	0.014566086	0.134	79.0	604.4500138759613
97	-0.859474	1.8031737	2.4900138	-4.426215	200.0	-1.3006938	1.4007132	0.3847816	-45.348145	490000	2.4795533e-08	3.0722735	-0.014155508	-2.4974165	1.090647	0.008810037	0.088	79.0	610.2080602645874
98	-2.0521934	2.1676583	1.7771282	-9.584277	200.0	-0.83504397	0.9435478	2.5672436	-1.551889	495000	1.18732455e-08	0.7589177	-0.00676325	-0.11738348	1.046666	0.0073649436	0.1164	2.0	615.5801930427551
99	-0.6414103	1.4522727	2.1772602	-3.8257632	200.0	-0.849945	0.83234245	2.132326	-1.7054064	500000	-1.4877319e-08	0.36027274	-0.02093502	-0.11303997	1.0500482	0.006873654	0.1176	79.0	621.3042140007019
100	-0.63350844	1.4558041	3.4960089	-3.773276	200.0	-0.5445453	0.9729597	2.6332932	-1.4811733	505000	-3.0517577e-09	0.3599092	-0.020693151	-0.031944215	1.0419987	0.011170555	0.1368	79.0	627.5086388587952
101	-0.5490877	1.8562417	3.218525	-3.7887115	200.0	-0.5478243	0.9830537	2.4067848	-1.4381919	510000	3.4427643e-08	0.3153893	-0.024035169	-0.016043901	0.9800221	0.010224534	0.1416	79.0	633.2581601142883
102	0.22390625	1.4547514	2.710917	-2.7941473	200.0	-0.42215687	0.9830853	2.4814801	-1.5156134	515000	6.446838e-08	0.32355708	-0.024241196	-0.07373759	0.8893472	0.013006099	0.1444	79.0	639.0770890712738
103	0.58756375	1.5940847	2.7168462	-5.2608953	200.0	-0.106208704	1.0591202	2.9898062	-1.3545151	520000	-7.4386595e-09	0.48747626	-0.02373421	-0.045820594	0.8225385	0.0109771285	0.1518	79.0	644.8329861164093
104	0.9981452	1.61777	3.8268604	-1.9327834	200.0	-0.06616631	0.963225	2.7543316	-1.3099657	525000	-1.449585e-08	0.28693038	-0.020925177	-0.04575871	0.78393537	0.008422469	0.1432	79.0	650.5714750289917
105	0.8422857	1.1857641	3.355006	-1.6948626	200.0	0.16267908	1.0057133	2.6744144	-1.3167826	530000	-1.525879e-08	0.16227527	-0.021887576	-0.0106052905	0.7307621	0.012141237	0.1338	79.0	656.3065819740295
106	1.0643067	1.461961	5.0554433	-1.9214797	200.0	0.27664047	1.1137068	2.954352	-1.2603651	535000	-1.926422e-08	0.3361863	-0.019536037	-0.017148584	0.6998427	0.006481272	0.1264	79.0	662.0578310489655
107	1.4473081	1.4742067	4.1205225	-1.6901495	200.0	0.18775338	1.0848409	2.8897858	-1.1872647	540000	-9.918213e-09	0.22780056	-0.00529274	-0.016881421	0.6664897	0.0078586275	0.0532	2.0	667.4433741569519
108	1.7535868	1.5209363	5.154963	-1.5787834	200.0	0.25706625	1.1507007	3.0301037	-1.2317591	545000	-8.201599e-09	0.22050415	-0.02277519	-0.018903732	0.65881854	0.012202357	0.1358	79.0	673.2276990413666
109	1.9965796	1.5220921	4.1499176	-2.121832	200.0	0.48608512	1.1415548	3.4165764	-1.1301024	550000	-1.9454957e-08	0.33028305	-0.020718805	-0.03204453	0.6464125	0.009133501	0.1322	79.0	679.0008828639984
110	2.291597	1.5553454	5.3589344	-1.009924	200.0	0.62632614	1.155472	3.2803159	-0.9382314	555000	3.8146974e-09	0.29316837	-0.020889133	-0.02706045	0.59971356	0.0076486785	0.1224	79.0	685.3610990047455
111	2.5256126	1.2715943	4.895393	0.09270957	200.0	0.75498515	1.1895635	3.464641	-0.8218969	560000	2.4986267e-08	0.17979003	-0.02369013	-0.008065969	0.5357811	0.00774656	0.138	79.0	691.1180241107941
112	2.5690799	1.2479916	4.882476	0.38887253	200.0	0.82468545	1.2256576	3.4386716	-0.79332453	565000	7.6293943e-10	0.15713045	-0.017963909	-0.014565706	0.5225604	0.004448977	0.1116	79.0	696.8954701423645
113	2.1573443	1.8973898	5.6075373	-1.4791124	200.0	0.9654156	1.1982929	3.577445	-0.7436668	570000	-2.4986267e-08	0.25475946	-0.018383136	-0.020081088	0.46938056	0.008702588	0.1326	79.0	702.6399240493774
114	2.7442844	1.3916566	4.5803533	-1.237952	200.0	0.7756628	1.1336282	3.3873055	-0.7647345	575000	2.0980835e-09	0.22370605	-0.021629881	-0.019138664	0.5172006	0.012432681	0.1494	79.0	708.38294506073
115	2.1908982	1.1460896	4.810734	-0.23147488	200.0	0.8493343	1.2023258	3.4733536	-0.6708247	580000	-2.2888185e-09	0.22214311	-0.019265352	-0.024861604	0.45303175	0.012168404	0.1214	79.0	714.1350710391998
116	2.8269339	1.8048708	5.549567	-1.340949	200.0	0.89438486	1.1094886	3.4348874	-0.78243446	585000	6.1035155e-09	0.23785518	-0.02220408	-0.023030087	0.40422738	0.010749787	0.1416	79.0	719.8791909217834
117	3.0565684	2.4069674	5.8787174	-6.538565	200.0	1.1359428	1.2242088	3.8341682	-0.61953217	590000	-2.2411346e-08	0.4377098	-0.007411651	-0.059863865	0.28669468	0.016484866	0.1914	5.0	725.2312560081482
118	3.2350233	1.2275454	4.9700985	0.50898665	200.0	1.1350672	1.1832855	3.8575163	-0.68521565	595000	3.8146974e-09	0.17298166	-0.0066958778	-0.014396444	0.306623	0.010418121	0.1666	6.0	730.6418318748474
119	2.885882	1.4486616	4.8616734	-0.8610464	200.0	1.0948855	1.225001	3.779423	-0.60754335	600000	-2.1743775e-08	0.16448759	-0.016005825	-0.0088079125	0.25376394	0.0037442895	0.1098	79.0	736.3982388973236
120	3.133835	1.3965186	5.3263426	0.048988357	200.0	1.193001	1.2085532	3.8021836	-0.6257026	605000	-2.6798249e-08	0.15755662	-0.0054396032	-0.008288249	0.2230788	0.0028155257	0.0472	2.0	742.1616041660309
121	3.197655	1.3298184	5.3789105	0.51611465	200.0	1.2387786	1.1922815	3.8308184	-0.4752921	610000	1.373291e-08	0.14506054	-0.021173805	-0.013943046	0.1906067	0.011605153	0.1348	79.0	748.0490832328796
122	3.2550843	1.2156943	5.315121	0.20460197	200.0	1.3126025	1.219446	4.162116	-0.4089437	615000	4.348755e-08	0.16406807	-0.020670947	-0.006508529	0.14861004	0.007275454	0.1272	79.0	753.806606054306
123	3.2941132	1.4193133	6.3806643	0.36900222	200.0	1.2441354	1.1943771	3.9920397	-0.27101195	620000	-1.4686584e-08	0.24306865	-0.019968458	-0.014435127	0.08618862	0.011148525	0.1366	79.0	759.6129610538483
124	3.4645407	1.3913636	5.895719	0.58473504	200.0	1.3106986	1.1363702	3.9145713	-0.28002697	625000	4.577637e-09	0.1295376	-0.004910383	-0.009557411	0.046289496	0.0060126707	0.0476	2.0	765.0327999591827
125	3.685521	1.4905918	5.6143026	-0.010154059	200.0	1.4499545	1.212376	4.090064	-0.24978042	630000	3.1089783e-08	0.15970284	-0.020120313	-0.00526914	0.008214931	0.006934291	0.1328	79.0	770.8466880321503
126	3.876668	1.6176757	6.8218107	-0.30794004	200.0	1.4487607	1.185706	4.0616374	-0.21295273	635000	-2.6416778e-08	0.26509458	-0.022144558	-0.020231128	-0.0049264785	0.007120204	0.1496	79.0	776.6390409469604
127	4.330481	1.2273662	7.029449	2.3467593	200.0	1.6232996	1.2494558	4.487329	-0.27435046	640000	2.670288e-09	0.13073145	-0.0056378143	-0.016590655	-0.08691006	0.0033286023	0.04	2.0	782.0336611270905
128	4.49557	0.95843333	6.0795302	2.1854146	200.0	1.7689719	1.2330116	4.648151	0.03988087	645000	-6.67572e-10	0.12274197	-0.008533848	-0.006930545	-0.10798995	0.009341128	0.111	11.0	787.459878206253
129	3.8796716	1.3824843	5.638266	0.5607121	200.0	1.7291074	1.2254635	4.3910575	-0.09924638	650000	1.7166137e-09	0.12344517	-0.020381523	-0.009643242	-0.114594385	0.0117828	0.1436	79.0	793.2078051567078
130	4.8249907	0.97594523	6.7216396	2.9956665	200.0	1.710366	1.2206103	4.3743124	0.05458772	655000	1.0871887e-08	0.15743208	-0.0070487116	-0.019438624	-0.10920448	0.0051471293	0.0452	2.0	798.9953379631042
131	4.108358	1.4892865	6.7369328	1.0891155	200.0	1.7939786	1.317514	4.601776	0.1116299	660000	2.89917e-08	0.16527699	-0.022832904	-0.020053148	-0.1086347	0.01245689	0.1526	79.0	804.8430910110474
132	4.81003	1.1439084	7.0850844	2.249055	200.0	1.8925297	1.2029862	4.708069	0.0910486	665000	-6.370544e-08	0.24645878	-0.019407686	-0.036469996	-0.16472001	0.013231627	0.143	79.0	810.5966980457306
133	4.4486938	1.4094051	7.2946634	1.7136593	200.0	2.0562642	1.2040462	4.695541	0.44503206	670000	-1.2588501e-08	0.16691132	-0.017370172	-0.006493807	-0.29802716	0.009029692	0.1168	79.0	816.3611919879913
134	4.7657256	1.42786	7.8918686	2.2483528	200.0	2.0563688	1.2406702	5.0704403	0.4759388	675000	-1.335144e-09	0.19843544	-0.005355853	-0.0031911284	-0.31001374	0.015009354	0.1356	4.0	821.7293989658356
135	4.4032435	1.3045735	6.616349	1.3313183	200.0	2.102418	1.260203	4.9979835	0.45174468	680000	-1.0490417e-08	0.14737073	-0.010845138	-0.0069161355	-0.29485357	0.010384553	0.1216	10.0	827.1279489994049
136	4.977919	1.3019947	6.8855205	2.3078873	200.0	2.1661675	1.2417068	5.043653	0.52470857	685000	9.346008e-09	0.12000355	-0.02187583	-0.005736828	-0.30171236	0.008737165	0.1674	79.0	832.8821859359741
137	4.8030457	1.0486356	6.776104	3.114405	200.0	2.1944458	1.2225068	5.1184473	0.5915611	690000	-2.2888185e-09	0.09842045	-0.006731124	-0.0021400452	-0.3467863	0.007843545	0.0666	2.0	838.2439742088318
138	5.598325	1.2939724	8.064543	2.717348	200.0	2.3387375	1.2950909	5.137072	0.5850302	695000	1.4686584e-08	0.12919587	-0.0045719286	-0.009623997	-0.3648909	0.019318923	0.1956	3.0	843.5999591350555
139	4.9059067	1.5413054	8.46127	1.4094025	200.0	2.3212094	1.2809551	5.2639675	0.58335245	700000	7.247925e-09	0.1573563	-0.020614598	-0.0069919825	-0.3338003	0.013981958	0.181	79.0	849.3510630130768
140	5.6875916	1.7035565	8.508665	1.6881399	200.0	2.3758972	1.2330972	5.348209	0.7338886	705000	4.4822692e-09	0.19981855	-0.020024171	-0.028540567	-0.43390816	0.00927903	0.138	79.0	855.5406892299652
141	5.6736913	1.6357809	8.841505	2.8535361	200.0	2.5667107	1.2943285	5.5667267	0.72565544	710000	2.117157e-08	0.14476602	-0.008795273	-0.0075655878	-0.45886675	0.014160011	0.1484	5.0	860.9773199558258
142	6.206875	1.3384221	8.959329	3.5964983	200.0	2.5861185	1.291384	5.484667	0.79221225	715000	-2.784729e-08	0.16197093	-0.021901201	-0.014410362	-0.4633917	0.012587109	0.1462	79.0	866.7317008972168
143	5.3876557	1.6825095	7.727004	0.8889031	200.0	2.5918705	1.230376	5.353805	0.95481485	720000	-1.1348725e-08	0.18240035	-0.008313639	-0.00797379	-0.50037646	0.016138162	0.1702	6.0	872.192113161087
144	6.0854406	1.6041441	9.243097	3.4210298	200.0	2.749973	1.298556	5.970811	0.9137194	725000	4.005432e-09	0.18834035	-0.0055685975	-0.04466799	-0.4810616	0.005884714	0.1068	2.0	877.5856120586395
145	6.426093	1.7299502	8.925626	2.1180484	200.0	3.009037	1.2707474	6.0006204	1.3012223	730000	-4.119873e-08	0.14051564	-0.021146502	-0.006184995	-0.5191155	0.007587181	0.1328	79.0	883.3798320293427
146	6.112509	1.4796193	8.568688	3.0535822	200.0	2.9518397	1.2891564	5.9354277	1.1809059	735000	-2.3841857e-09	0.124677844	-0.0051006377	-0.0031652004	-0.5882917	0.0046863565	0.0358	2.0	888.7335591316223
147	6.4503155	1.8622113	9.348347	1.4022967	200.0	3.027949	1.3078667	6.0868297	1.0795746	740000	-2.412796e-08	0.2837422	-0.0036377616	-0.009053946	-0.5750017	0.014689238	0.1522	3.0	894.0963160991669
148	6.6841016	1.7659546	9.053353	2.4169836	200.0	3.105298	1.3538496	6.345984	1.2765219	745000	-1.3351441e-08	0.21460459	-0.0063028107	-0.011931986	-0.57056975	0.014105609	0.1632	4.0	899.4904630184174
149	6.8106523	1.8784926	10.320746	2.5296452	200.0	3.1125581	1.353172	6.228771	1.0605352	750000	-3.8146974e-09	0.25099435	-0.023296475	-0.040689394	-0.5934042	0.010165399	0.155	79.0	905.2285590171814
150	7.7896137	2.0575802	10.611201	1.5617696	200.0	3.4211864	1.3920293	6.2440653	1.2968785	755000	-1.3756752e-08	0.22815737	-0.02290324	-0.028740942	-0.6635725	0.0110324435	0.1816	79.0	911.596382856369
151	8.384776	1.6189772	11.643929	4.612096	200.0	3.63977	1.4037299	6.6167574	1.4602507	760000	1.0681152e-08	0.22271934	-0.020320171	-0.030857518	-0.7299031	0.010138136	0.122	79.0	917.3892810344696
152	8.521338	2.0393717	11.388419	4.0505624	200.0	3.7505863	1.3741693	7.074277	1.7988938	765000	4.5776368e-08	0.28078017	-0.006602261	-0.04363957	-0.7797705	0.0071016466	0.0598	2.0	922.7355482578278
153	8.663787	2.0443366	12.085805	4.2313695	200.0	4.0411673	1.4403096	7.1799345	1.81083	770000	4.1770935e-08	0.21734731	-0.02080807	-0.0123391	-0.7712769	0.014455974	0.1448	63.0	928.4201369285583
154	9.07879	1.6782272	11.603588	5.1419954	200.0	4.1225142	1.4037204	7.419441	1.982842	775000	-1.3160705e-08	0.1858084	-0.020366078	-0.034893945	-0.85040313	0.011200848	0.1564	79.0	934.1830570697784
155	9.087128	2.0529065	12.091738	4.6122427	200.0	4.23629	1.3640376	7.4138136	2.0595796	780000	3.1089783e-08	0.20443398	-0.0070269234	-0.03455566	-0.9389786	0.011928857	0.1158	4.0	939.6308131217957
156	10.189635	1.186386	12.027025	7.9126635	200.0	4.6647205	1.4467516	7.4885793	2.1512804	785000	-3.967285e-08	0.20343326	-0.0086888755	-0.011990786	-0.98013103	0.010629127	0.1354	6.0	945.0330212116241
157	9.78532	2.0990975	12.952619	4.6543374	200.0	4.866665	1.4592147	7.648174	2.354559	790000	-9.918213e-09	0.2621666	-0.0053952304	-0.01738964	-0.9333719	0.009426256	0.1088	4.0	950.3848149776459
158	9.96047	1.6624757	12.306073	5.8531413	200.0	4.8126545	1.4680473	7.991486	2.510398	795000	5.903244e-08	0.17497627	-0.023300787	-0.011530429	-0.95401776	0.013821093	0.1742	79.0	956.1538469791412
159	10.091414	2.0426323	13.38683	4.8913655	200.0	4.9110756	1.490911	7.945385	2.4754946	800000	1.7356873e-08	0.20581491	-0.022076966	-0.044163883	-0.9862503	0.014216325	0.1626	62.0	961.8750951290131
160	11.004578	1.0762572	14.139614	9.075564	200.0	5.128114	1.4223508	8.00827	2.6401162	805000	3.2615663e-08	0.2984899	-0.020585133	-0.05660011	-1.0418302	0.010391666	0.148	79.0	968.1266300678253
161	10.659939	2.061965	14.344465	5.2486367	200.0	5.324684	1.4074329	8.276419	2.9583967	810000	-7.247925e-09	0.2129416	-0.0072224955	-0.0077554435	-1.1018867	0.009258134	0.0526	2.0	973.5202810764313
162	11.1713	0.99071693	13.340698	9.245118	200.0	5.2783275	1.3867997	8.204963	2.9671605	815000	8.392334e-09	0.17539269	-0.004684797	-0.011979058	-1.0876739	0.013399038	0.1408	2.0	978.8860049247742
163	11.098067	2.1458228	13.916283	3.9708025	200.0	5.237081	1.4215847	8.221522	2.8357604	820000	4.5204164e-08	0.23467724	-0.011119025	-0.021408156	-1.0771441	0.011336925	0.1424	8.0	984.3248791694641
164	11.714226	1.3510658	14.244451	8.625682	200.0	5.3823423	1.4529777	8.368497	2.8309276	825000	3.6430357e-08	0.2377447	-0.007302763	-0.027683914	-1.1011155	0.0111372685	0.1804	4.0	989.7162961959839
165	11.311934	1.4470723	13.718186	8.189433	200.0	5.547792	1.4949992	8.65487	2.982203	830000	-2.4795532e-09	0.1745749	-0.022202505	-0.01441583	-1.0729417	0.014396479	0.169	79.0	995.6455221176147
166	11.522191	1.6284695	15.011794	8.618684	200.0	5.660292	1.4709027	8.640546	3.2172465	835000	2.0503998e-08	0.22368643	-0.0055633406	-0.006134227	-1.130594	0.014216223	0.1756	2.0	1001.0630781650543
167	11.805381	1.9629956	14.2600975	5.6494584	200.0	5.716	1.454748	8.663078	2.9227982	840000	-1.9454957e-08	0.23042975	-0.008430524	-0.038266063	-1.1615716	0.013849645	0.1114	7.0	1006.4562120437622
168	11.943006	1.6317679	14.355492	7.376218	200.0	5.904024	1.4607553	8.956252	3.2504554	845000	-1.2397766e-08	0.21199842	-0.021815214	-0.007890314	-1.1629368	0.012843741	0.1594	79.0	1012.2066440582275
169	12.8448105	0.8433076	14.185609	10.867201	200.0	5.8249564	1.4522145	8.991424	3.3908107	850000	2.0408631e-08	0.23584497	-0.009717644	-0.088363856	-1.2222456	0.010028063	0.1472	6.0	1017.600152015686
170	12.706485	1.2239211	14.776126	9.343498	200.0	6.040388	1.4063218	9.039208	3.6835313	855000	-1.1730194e-08	0.19097076	-0.011461238	-0.015545681	-1.2293996	0.016092481	0.167	13.0	1023.5904350280762
171	12.98105	2.0362258	16.03736	4.940586	200.0	6.120444	1.4270916	8.777648	3.6895087	860000	-4.0245055e-08	0.30877072	-0.011536665	-0.043680787	-1.2246102	0.013713953	0.129	9.0	1029.018145084381
172	13.140125	1.7000593	15.892297	8.220503	200.0	6.3511257	1.481274	9.329847	3.7020698	865000	-2.670288e-09	0.30459908	-0.02122571	-0.031968474	-1.2495493	0.0109247975	0.1516	79.0	1034.7714340686798
173	13.221758	1.452783	16.839655	9.741398	200.0	6.4422865	1.4859313	9.553113	3.9086297	870000	2.8610229e-08	0.28363064	-0.020934567	-0.009979129	-1.2728256	0.011709808	0.1472	79.0	1040.533690214157
174	13.454455	2.1039195	16.393019	6.1799073	200.0	6.497538	1.5045251	9.710743	3.8418496	875000	-2.6512145e-08	0.3316427	-0.0048962017	-0.03390345	-1.3341802	0.0028637326	0.0096	2.0	1045.9059991836548
175	14.262263	1.4359782	16.61668	8.828902	200.0	6.7049694	1.5135299	9.509421	3.7729871	880000	-3.051758e-08	0.4079393	-0.007145349	-0.12894616	-1.3427281	0.0098057315	0.0946	5.0	1051.285877943039
176	14.325374	1.675551	19.25887	11.5231495	200.0	6.983253	1.5253079	10.000488	4.123371	885000	-1.0299683e-08	0.34657344	-0.023037834	-0.024197608	-1.3236943	0.004793265	0.1544	79.0	1057.053316116333
177	14.3391285	1.2954749	16.089422	10.562004	200.0	7.0911283	1.5626566	10.331722	4.383753	890000	-1.0967255e-08	0.18825385	-0.021987656	-0.012676001	-1.4157697	0.011907052	0.154	79.0	1062.7968010902405
178	14.0387125	1.203121	16.214699	11.25347	200.0	7.0806117	1.5190041	10.055647	4.232435	895000	-8.9645384e-09	0.2338253	-0.020553393	-0.012483358	-1.4012551	0.009999462	0.1466	79.0	1068.5597569942474
179	14.576574	1.4737409	17.28599	11.261667	200.0	7.1481705	1.5534141	10.157994	4.4356585	900000	2.9087067e-08	0.29949743	-0.006714063	-0.021261245	-1.507304	0.006490274	0.0818	2.0	1073.9382319450378
180	14.465096	1.4589045	17.774881	10.371865	200.0	7.227014	1.5522488	10.693289	4.30593	905000	4.259348e-08	0.2886755	-0.008664446	-0.009580135	-1.504244	0.009804395	0.0804	10.0	1079.825839996338
181	14.775295	1.7056072	17.08351	8.807426	200.0	7.2247086	1.5153598	10.096597	4.3955007	910000	2.7179718e-08	0.31064072	-0.0067331255	-0.015513599	-1.5242254	0.015767591	0.1646	4.0	1085.1684341430664
182	15.426723	1.0112894	17.676132	13.778983	200.0	7.3834023	1.5887015	10.56452	4.383218	915000	3.786087e-08	0.24114838	-0.020494409	-0.02622883	-1.5060447	0.012739974	0.1412	79.0	1090.9509320259094
183	14.626608	1.8644265	17.41748	9.085069	200.0	7.4896016	1.560031	10.590111	4.686488	920000	8.5830685e-09	0.46212602	-0.020452926	-0.029847503	-1.5788344	0.011427657	0.1406	79.0	1096.6871600151062
184	15.7752495	1.5758526	18.716269	11.8766365	200.0	7.588417	1.5742992	10.936442	4.8183293	925000	2.8419494e-08	0.36119917	-0.021747641	-0.037590295	-1.5992951	0.01117047	0.1612	79.0	1102.4454939365387
185	16.161951	1.3937682	19.258347	13.620464	200.0	7.7577734	1.610822	10.824285	4.942667	930000	-3.4332275e-09	0.3366563	-0.005787742	-0.043376356	-1.6674789	0.005649049	0.0772	2.0	1107.7948100566864
186	16.348698	1.2795064	18.354086	13.740069	200.0	7.964567	1.5798031	11.175719	4.8786736	935000	3.4523012e-08	0.3331697	-0.007216581	-0.019240737	-1.6316277	0.009473309	0.1368	4.0	1113.1417961120605
187	16.376463	1.718731	19.673033	13.151481	200.0	8.028199	1.6020433	11.610515	5.22291	940000	-6.2942505e-09	0.35888192	-0.022866463	-0.017210424	-1.7085481	0.012512195	0.1616	79.0	1118.8991510868073
188	16.662945	1.212149	18.402796	13.718503	200.0	8.166618	1.640931	11.598722	5.020097	945000	3.967285e-08	0.2714506	-0.0048155244	-0.025516778	-1.7452025	0.0060161278	0.0938	2.0	1124.2749960422516
189	16.516384	2.0782914	19.387379	10.863442	200.0	8.244114	1.6267426	11.730659	5.399768	950000	-4.119873e-08	0.31398052	-0.0047511044	-0.009393543	-1.7301422	0.012612152	0.1498	3.0	1129.611325263977
190	16.649626	1.4606969	19.66306	14.549639	200.0	8.361044	1.6548703	11.631784	5.389367	955000	-1.1157989e-08	0.28582215	-0.0048057614	-0.014834762	-1.7810851	0.015544712	0.1554	5.0	1135.4746968746185
191	17.132603	1.4066213	20.388117	14.856249	200.0	8.396866	1.6789086	11.915947	5.160845	960000	4.1294097e-08	0.40383643	-0.0230486	-0.029058248	-1.7523661	0.008972771	0.153	79.0	1141.2419209480286
192	17.08416	1.4274303	19.921394	14.219782	200.0	8.505251	1.6336043	11.59754	5.5153666	965000	3.528595e-08	0.3702004	-0.020752018	-0.029496342	-1.8622338	0.012254358	0.1426	79.0	1146.983715057373
193	17.434813	1.2911894	20.683386	14.3952	200.0	8.566255	1.681145	12.150781	5.504616	970000	-1.27792354e-08	0.31131503	-0.02273717	-0.01927054	-1.861474	0.012938473	0.163	79.0	1152.7193109989166
194	17.681044	1.7281145	20.341637	12.598456	200.0	8.742763	1.6590638	12.099497	5.756186	975000	1.6784668e-08	0.31905502	-0.021295808	-0.027442276	-1.8944223	0.006342456	0.1442	79.0	1158.451180934906
195	18.12747	1.6968541	21.68495	14.79106	200.0	8.844112	1.6855847	12.153547	5.7135115	980000	5.9604645e-08	0.37394392	-0.019136798	-0.035016477	-1.9770662	0.012529438	0.1438	79.0	1164.2180469036102
196	17.897217	2.0904934	21.415945	11.417549	200.0	8.956099	1.6875815	12.42673	5.645218	985000	4.386902e-09	0.6364131	-0.022039963	-0.037076473	-1.9612533	0.0109064495	0.1648	79.0	1169.9735548496246
197	18.17239	1.4057457	21.489527	15.265775	200.0	8.932837	1.73201	13.328999	5.550266	990000	6.446838e-08	0.33637416	-0.023959372	-0.0407117	-2.029169	0.010780563	0.1754	79.0	1175.7225761413574
198	18.125578	1.1154085	19.86766	16.015099	200.0	9.126938	1.7144954	12.651906	5.9888053	995000	-3.004074e-08	0.29967552	-0.006579889	-0.026230514	-2.0812907	0.009217607	0.0964	2.0	1181.0869390964508
199	18.262383	1.3851207	20.257343	15.1172495	200.0	9.19015	1.7124679	12.757268	6.064159	1000000	1.373291e-08	0.35911724	-0.0020017978	-0.025713503	-2.078819	0.005029499	0.0442	1.0	1186.4190809726715
200	18.55316	1.5365795	20.39233	15.498615	200.0	9.139889	1.7044578	12.628773	6.1209064	1005000	-3.0326845e-08	0.30069113	-0.0029055153	-0.021958351	-2.0513823	0.010443293	0.1018	1.0	1192.2590730190277
201	18.187338	1.5770015	22.13549	14.678438	200.0	9.158196	1.7165332	12.653483	6.057802	1010000	3.0708314e-08	0.35686246	-0.0023257602	-0.022799283	-2.049932	0.0044684173	0.0806	1.0	1197.6259021759033
202	18.326475	2.160129	21.047037	10.888626	200.0	9.101296	1.7322632	12.799523	5.647547	1015000	-2.5081635e-08	0.49510565	-0.0044684005	-0.06587422	-2.0721164	0.00393634	0.0356	1.0	1202.9550960063934
203	18.953701	1.8458755	22.087143	14.368066	200.0	9.203533	1.7480315	12.642545	5.776914	1020000	-4.196167e-09	0.43038878	-0.004854684	-0.026742488	-2.0386515	0.010754669	0.189	1.0	1208.2833211421967
204	18.974337	1.6106048	23.105549	15.053726	200.0	9.225264	1.7038993	13.2688875	5.6479044	1025000	-3.1375887e-08	0.34994715	-0.0029637183	-0.033340186	-2.0988176	0.009641803	0.1604	1.0	1213.6122040748596
205	18.645514	1.3772368	21.28285	16.380913	200.0	9.401772	1.7595413	12.742104	6.143553	1030000	-2.2792817e-08	0.4478365	-0.0039775143	-0.056257337	-2.0798988	0.005181874	0.0512	1.0	1218.9447741508484
206	18.83679	1.3814301	22.068024	16.180336	200.0	9.510569	1.7263142	13.174722	6.2988925	1035000	-1.373291e-08	0.40557718	-0.004382799	-0.035853356	-2.0794191	0.01122095	0.1424	3.0	1224.3043870925903
207	19.050386	1.8580095	22.420595	14.107293	200.0	9.440721	1.7688684	13.468116	6.2505555	1040000	2.6416778e-08	0.44833574	-0.00847396	-0.044888824	-2.1060941	0.008868683	0.1248	8.0	1229.693531036377
208	18.715826	1.4022921	21.763966	16.12246	200.0	9.438481	1.7586584	13.294366	5.8947783	1045000	1.4305114e-08	0.5828027	-0.008906359	-0.035847247	-2.0596254	0.01430152	0.1566	9.0	1235.0931141376495
209	19.544144	1.4436514	21.764204	16.352749	200.0	9.532164	1.7989357	13.300077	6.2082524	1050000	-1.8882751e-08	0.47354063	-0.022876123	-0.078528374	-2.1080482	0.009566612	0.151	79.0	1240.8883509635925
210	20.48686	2.019481	23.467491	14.274565	200.0	9.763315	1.7702024	13.626386	6.091076	1055000	-1.1730194e-08	0.5195864	-0.021146486	-0.08643302	-2.1775417	0.010968266	0.1524	79.0	1247.1647160053253
211	20.090614	1.2737128	22.403566	17.092844	200.0	10.028482	1.7853789	13.934281	6.463193	1060000	-3.4284593e-08	0.33599967	-0.023677506	-0.031585813	-2.205268	0.0132727325	0.177	79.0	1253.013167142868
212	19.573372	2.1574247	23.522604	12.145916	200.0	10.1206	1.8578722	13.959265	6.356858	1065000	-9.727478e-09	0.5673149	-0.0054262048	-0.03595215	-2.2721848	0.0060498347	0.0618	2.0	1258.388962984085
213	20.479822	1.507603	23.312908	16.370123	200.0	10.115815	1.8079876	13.848053	5.9535036	1070000	-5.311966e-08	0.4560476	-0.022396669	-0.03039226	-2.256711	0.0058869836	0.1458	79.0	1264.1633961200714
214	19.690807	1.6324136	22.850582	16.411316	200.0	10.034752	1.7929115	13.872826	6.6780667	1075000	-3.6239625e-09	0.41013983	-0.0060583013	-0.0482319	-2.2802234	0.004922781	0.079	2.0	1269.584212064743
215	19.67564	2.545954	23.363367	10.466785	200.0	10.014553	1.8084841	13.923059	6.3930616	1080000	4.9591065e-09	0.5529802	-0.02391695	-0.03546846	-2.2573466	0.013245642	0.1662	79.0	1275.3367540836334
216	20.625643	1.9346107	24.084618	16.21681	200.0	10.12075	1.8409925	13.680719	5.947884	1085000	5.2452087e-09	0.52333593	-0.02192089	-0.08308813	-2.339071	0.01150031	0.149	79.0	1281.2683341503143
217	20.524263	2.0405068	24.143488	16.407639	200.0	10.278195	1.8362668	14.3670435	6.3042936	1090000	-1.0204316e-08	0.5759375	-0.022733178	-0.05194533	-2.3649821	0.0110898465	0.1648	79.0	1287.0179769992828
218	20.64198	1.8211359	25.075954	16.629295	200.0	10.354327	1.8741117	14.381734	6.351409	1095000	5.9509276e-08	0.59423435	-0.019800624	-0.04617232	-2.3934243	0.010858734	0.1392	79.0	1292.7582268714905
219	21.023087	1.9496068	23.788795	15.47531	200.0	10.513775	1.8572117	14.359688	6.522263	1100000	1.5068053e-08	0.4771298	-0.0057075354	-0.089541316	-2.4237542	0.0058926838	0.0664	2.0	1298.1531739234924
220	21.258312	1.6852657	24.25391	18.104904	200.0	10.668848	1.8236315	14.739046	7.033639	1105000	-2.861023e-09	0.511641	-0.02134113	-0.043295026	-2.450225	0.008702948	0.152	79.0	1304.5167422294617
221	19.957874	1.7511007	23.42707	16.04635	200.0	10.476695	1.8723954	14.625917	6.588812	1110000	-3.1280518e-08	0.5784772	-0.02362984	-0.10002363	-2.4500246	0.010885188	0.1624	79.0	1310.26935505867
222	20.670881	2.2369924	23.798855	12.747248	200.0	10.364248	1.8655567	14.4773	6.8021255	1115000	7.629395e-09	0.56204355	-0.021529801	-0.057091296	-2.5802963	0.009720881	0.1554	79.0	1316.006145954132
223	21.242674	1.6883594	23.54707	16.653065	200.0	10.454757	1.807503	14.204593	6.5661206	1120000	7.247925e-09	0.4567858	-0.021356188	-0.03320402	-2.6428916	0.010834066	0.1456	79.0	1321.8569781780243
224	21.065525	1.9299504	24.221777	17.413464	200.0	10.593785	1.8810937	14.751147	6.702928	1125000	6.008148e-09	0.72343874	-0.020444509	-0.08027065	-2.5896745	0.016292255	0.196	79.0	1327.5805740356445
225	20.608885	2.2080116	24.073753	15.05282	200.0	10.583422	1.9422555	14.870374	6.2133155	1130000	4.5204164e-08	0.6425122	-0.020388423	-0.06504178	-2.6933825	0.012153554	0.1326	54.0	1333.1827938556671
226	20.458263	2.3292005	24.346022	14.578395	200.0	10.644059	1.9550872	14.846691	6.650775	1135000	-2.002716e-09	1.0182577	-0.022735707	-0.15314835	-2.7192738	0.00861622	0.155	79.0	1338.9133570194244
227	21.683899	1.6167209	24.449072	18.248224	200.0	10.572161	1.9522094	14.581364	6.1679454	1140000	1.9836426e-08	0.743321	-0.0033883133	-0.18692309	-2.7195683	0.0019064792	0.0308	2.0	1344.2646160125732
228	21.188972	1.9032786	25.812332	17.075075	200.0	10.97074	1.9319179	15.266058	6.8894978	1145000	-3.4809112e-08	0.5211447	-0.005351822	-0.04295054	-2.7004137	0.013648796	0.1774	22.0	1349.7121798992157
229	21.199482	1.8018388	24.142836	17.683455	200.0	10.980682	1.858069	15.004411	7.249205	1150000	4.014969e-08	0.7278522	-0.0028773956	-0.07631719	-2.7476156	0.004197569	0.0162	1.0	1355.0528230667114
230	21.586704	1.6651073	24.177992	18.168385	200.0	10.960098	1.9345363	14.931526	6.973001	1155000	3.6239625e-09	0.52840537	-0.0023123894	-0.046334386	-2.745239	0.0060122185	0.0536	1.0	1360.957384109497
231	20.955992	2.5926526	25.036324	11.674527	200.0	10.976199	1.9199959	14.88647	6.6392856	1160000	-5.7029723e-08	0.7458484	-0.0020226624	-0.04203421	-2.7212794	0.00637238	0.1176	1.0	1366.341501235962
232	20.734978	1.916427	23.363665	16.607464	200.0	10.8161125	1.9112787	14.793991	6.5982933	1165000	-1.1730194e-08	0.62206113	-0.00157918	-0.08270937	-2.6827445	0.0036683297	0.0356	1.0	1371.6654131412506
233	22.11678	1.8973328	24.836916	18.220888	200.0	10.834379	1.9304298	14.812585	6.617692	1170000	6.7281725e-08	0.86216855	-0.0035206564	-0.23950529	-2.7590337	0.0057996036	0.0624	1.0	1377.026360988617
234	21.558483	1.8492827	24.78529	17.821661	200.0	11.229444	1.9111551	15.075196	7.045043	1175000	7.247925e-09	0.6260342	-0.0038001698	-0.053197682	-2.728143	0.004229097	0.0168	1.0	1382.3485329151154
235	21.37859	1.3631865	24.346064	19.134272	200.0	11.297807	1.9744084	15.307564	7.0957303	1180000	-8.010864e-09	0.50475204	-0.004703523	-0.04709053	-2.7188752	0.0056974962	0.0532	1.0	1387.7144730091095
236	21.530987	2.1232693	26.507893	14.71681	200.0	11.164806	1.8976715	15.190338	6.719146	1185000	-1.9073487e-09	0.7978116	-0.003955377	-0.07830542	-2.7253864	0.004727982	0.0496	1.0	1393.0555300712585
237	21.703081	1.7225497	24.805355	18.244324	200.0	11.197931	1.9763832	15.39694	6.7294927	1190000	-4.7492982e-08	0.5910183	-0.0032540893	-0.06426811	-2.67604	0.0041838526	0.0212	1.0	1398.403997182846
238	21.668169	2.1573107	24.985575	16.703096	200.0	11.148626	1.9637219	15.067896	6.102953	1195000	-6.313324e-08	0.8220519	-0.0050403024	-0.06299013	-2.7573578	0.0019903656	0.058	1.0	1403.7847700119019
239	20.839514	1.9008627	24.415993	16.41586	200.0	11.196754	1.8725255	15.230623	7.245338	1200000	-5.1879884e-08	0.6026189	-0.0051942063	-0.14118224	-2.7467685	0.0016203579	0.0238	1.0	1409.1194159984589
240	22.197678	1.6758046	25.207073	17.45251	200.0	10.979568	1.8420957	14.73282	7.3064694	1205000	-1.2016296e-08	0.42076886	-0.0026262123	-0.029000342	-2.744031	0.004120391	0.0724	3.0	1415.0419781208038
241	22.199745	1.8713156	25.431025	18.256205	200.0	11.067181	1.8684292	14.872197	6.654546	1210000	8.296966e-08	0.54169005	-0.0042139273	-0.038306177	-2.7610939	0.0043505183	0.0616	3.0	1420.3933160305023
242	21.694624	2.4500644	24.88406	12.220291	200.0	11.200971	1.9765073	15.020017	6.847897	1215000	1.4591217e-08	0.6500556	-0.022478573	-0.0666852	-2.7815943	0.011320503	0.1756	79.0	1426.1362290382385
243	21.179548	2.5427597	25.159222	13.133652	200.0	11.203355	1.9685853	15.417173	6.034312	1220000	2.0313262e-08	0.97597295	-0.022929452	-0.12956965	-2.8022938	0.010282581	0.1754	79.0	1431.860953092575
244	21.819063	1.3348355	23.812977	17.967155	200.0	11.00353	1.9595089	15.376201	5.749103	1225000	-3.4713747e-08	0.5507938	-0.022698939	-0.0526056	-2.8437324	0.00908364	0.1448	79.0	1437.5881462097168
245	21.97196	2.823113	26.83141	11.660434	200.0	11.058428	1.9698619	14.880259	5.947035	1230000	6.980896e-08	0.77708626	-0.004900891	-0.10213226	-2.90065	0.016443476	0.211	4.0	1442.943841934204
246	22.34327	2.063323	26.041645	17.39125	200.0	11.269992	1.9826958	15.302784	5.244254	1235000	-5.340576e-09	0.82710236	-0.0036837421	-0.113379955	-2.8780508	0.0065899687	0.0372	1.0	1448.2797000408173
247	22.37763	1.5183711	25.266912	17.924412	200.0	11.472641	2.014283	15.459387	5.4614944	1240000	-4.301071e-08	0.6637966	-0.0025353038	-0.08570194	-2.8620806	0.005710236	0.087	3.0	1453.6176931858063
248	22.428543	1.3888528	24.306246	18.652992	200.0	11.488356	1.8885496	15.267427	6.6016045	1245000	3.5429e-08	0.41915098	-0.0062711984	-0.038434684	-2.889298	0.008921828	0.109	3.0	1458.948711156845
249	22.177343	2.2531512	25.421453	17.071062	200.0	11.6071825	1.9426473	15.325099	6.7409887	1250000	1.6593933e-08	0.80402535	-0.021645525	-0.052947342	-2.878051	0.013296826	0.169	79.0	1464.708241224289
250	22.280529	1.6337122	24.846424	17.807009	200.0	11.718349	1.9784237	15.801272	6.5273924	1255000	6.752014e-08	0.42574742	-0.02121435	-0.057345778	-2.9081173	0.010077639	0.1438	79.0	1471.0255830287933
251	22.211414	1.39585	25.716545	20.277203	200.0	11.656003	1.8987145	15.394847	6.901107	1260000	-6.3943865e-08	0.5522638	-0.025772098	-0.047961652	-2.9221337	0.010512845	0.1838	79.0	1476.7750132083893
252	22.213066	1.830079	25.925549	18.068127	200.0	11.642761	1.9321262	15.46853	6.9442043	1265000	-3.271103e-08	0.52261883	-0.004443834	-0.04670888	-3.0146933	0.010161351	0.112	2.0	1482.1513810157776
253	21.875978	2.9247983	24.995113	10.70142	200.0	11.441572	1.9806498	15.351958	6.5558186	1270000	6.446838e-08	1.0652801	-0.003936936	-0.18288475	-2.9957426	0.014105145	0.1936	3.0	1487.6229841709137
254	22.266575	2.035102	25.49444	15.470733	200.0	11.6119175	2.0219598	15.953941	6.8931036	1275000	-2.6226044e-08	0.64803237	-0.011357068	-0.08459896	-2.9936395	0.015312885	0.1596	11.0	1493.0083010196686
255	22.155476	1.5548394	25.14338	19.222048	200.0	11.674939	1.9926835	15.688506	6.6003	1280000	-1.1825562e-08	0.5827431	-0.005289627	-0.057733417	-3.030203	0.010391178	0.1408	6.0	1498.3819069862366
256	22.330303	1.359829	24.867203	19.263544	200.0	11.799266	1.9410923	15.714029	7.6324286	1285000	8.459091e-08	0.40723124	-0.005066382	-0.036352932	-3.0265818	0.005470496	0.0428	1.0	1503.7058460712433
257	22.444172	1.500289	25.181799	19.89781	200.0	11.866136	1.9294422	15.697492	7.9222517	1290000	3.8146972e-10	0.49202743	-0.0022378552	-0.027610093	-3.0169277	0.009569431	0.135	1.0	1509.0412521362305
258	22.78684	1.2707912	25.27254	19.798838	200.0	11.938072	1.9609631	15.64253	6.7999763	1295000	-1.2588501e-08	0.66536903	-0.0041730776	-0.06239873	-3.0241373	0.008066967	0.0974	1.0	1514.4505121707916
259	22.08308	2.926414	25.956871	12.725041	200.0	11.815276	2.0084834	16.10143	7.430713	1300000	4.196167e-08	0.9605082	-0.005213938	-0.11881399	-3.039345	0.0050113946	0.0936	1.0	1519.8089170455933
260	22.843801	1.7101684	25.69538	19.838438	200.0	11.61337	1.9689436	15.879843	6.0222373	1305000	-3.871918e-08	0.786098	-0.002901724	-0.10346848	-3.0371	0.003412019	0.066	1.0	1525.7315859794617
261	22.946047	1.9308316	25.474443	16.959866	200.0	11.654434	1.9895391	15.510226	7.1384916	1310000	-2.0980835e-08	0.77888674	-0.003935442	-0.11458814	-3.0517666	0.0018992205	0.0326	1.0	1531.0961520671844
262	22.913609	1.6910249	25.626978	19.099243	200.0	11.88885	1.9539051	15.892359	7.546196	1315000	-3.8814544e-08	0.52790684	-0.004307574	-0.055342376	-3.0663383	0.006073744	0.0472	1.0	1536.4279379844666
263	22.808588	1.5591935	25.592949	19.320356	200.0	11.901766	1.9601909	15.721555	7.7324514	1320000	9.536743e-08	0.6687902	-0.0034577518	-0.057719707	-3.045395	0.0045627933	0.0604	1.0	1541.8044259548187
264	22.930237	1.9376029	26.451427	17.12324	200.0	11.90287	1.9463809	15.740192	6.1709437	1325000	-1.1253357e-08	0.63978577	-0.0061932704	-0.07725102	-3.0227108	0.011346882	0.1428	1.0	1547.140776872635
265	22.269808	1.9619743	26.42361	16.261168	200.0	11.780781	2.0184157	15.780959	6.439662	1330000	-3.8146974e-09	0.80407995	-0.0027643146	-0.04559487	-3.0225055	0.008131384	0.1338	1.0	1552.4797790050507
266	22.317102	2.2101977	26.722525	16.64629	200.0	11.872895	2.0293655	15.628507	7.344876	1335000	-2.4795532e-09	0.57763135	-0.0053326744	-0.05827129	-3.0785804	0.0023868966	0.0708	1.0	1557.8159971237183
267	22.419842	1.5772468	25.365692	19.941124	200.0	12.017647	2.0087466	16.000648	7.714217	1340000	5.5122374e-08	0.5164807	-0.0039177616	-0.05398646	-3.0698116	0.0055202832	0.034	1.0	1563.1706750392914
268	22.682827	1.6621728	25.248491	18.93443	200.0	12.022339	1.9551327	15.901567	7.655315	1345000	-1.7929077e-08	0.72035575	-0.0049709496	-0.07998806	-3.012645	0.0065961364	0.1086	3.0	1568.54643201828
269	22.066322	2.7310393	26.173105	13.938314	200.0	12.089651	2.030975	16.656036	7.5698996	1350000	-2.3555756e-08	0.7511247	-0.0052851294	-0.064724386	-3.064118	0.007047754	0.0522	3.0	1573.9455530643463
270	22.55594	2.3187306	26.104416	16.068024	200.0	12.046119	2.0650818	16.019514	7.238691	1355000	9.613037e-08	0.80566144	-0.021651832	-0.079957426	-3.052457	0.0118647935	0.1478	79.0	1580.295555114746
271	23.208748	1.7101917	25.78361	19.919388	200.0	12.134232	1.9724637	16.383867	6.3798504	1360000	6.67572e-10	0.6913518	-0.02088295	-0.099242866	-3.1274793	0.010365636	0.1578	79.0	1586.0418319702148
272	22.832548	1.5654256	25.478094	18.975777	200.0	12.172906	1.9702252	16.033682	7.451291	1365000	5.531311e-09	0.5987927	-0.024376879	-0.11763427	-3.1131926	0.013111328	0.1632	66.0	1591.6922879219055
273	22.958445	1.6058909	25.8552	20.487934	200.0	12.232692	1.9936693	16.396166	7.711089	1370000	2.3460387e-08	0.6833321	-0.00886077	-0.06363648	-3.1450415	0.010704463	0.086	8.0	1597.093111038208
274	22.218803	2.2422318	24.999594	17.07089	200.0	11.984703	2.0461009	16.108707	7.186158	1375000	-1.6021728e-08	1.066603	-0.022028578	-0.23131055	-3.1310384	0.013735972	0.1674	79.0	1602.844689130783
275	22.862188	1.6832474	26.138542	19.158915	200.0	11.9019375	2.036824	16.040989	6.1510286	1380000	-2.0217895e-08	0.74081385	-0.021523656	-0.05546248	-3.159576	0.011281415	0.1746	79.0	1608.5830278396606
276	22.895437	1.7056036	25.41457	17.44677	200.0	11.962944	2.0754282	15.897736	6.7111864	1385000	1.449585e-08	0.73146826	-0.022575594	-0.15410459	-3.2514167	0.013118063	0.1974	79.0	1614.3157920837402
277	22.528234	1.5306846	25.665695	19.223213	200.0	12.338104	2.0586183	16.191944	7.5948887	1390000	-6.17981e-08	0.48904794	-0.0055264975	-0.070806056	-3.235524	0.006450958	0.094	2.0	1619.6557319164276
278	22.39271	1.7209271	25.02227	18.564056	200.0	12.432364	2.0875068	16.226875	6.6369753	1395000	-6.132126e-08	0.72141045	-0.009850661	-0.070515275	-3.2316878	0.011496321	0.127	10.0	1625.0424921512604
279	22.659195	1.2566684	24.924364	19.435516	200.0	12.378112	2.051262	16.355324	7.2024107	1400000	2.1839142e-08	0.79922	-0.006878974	-0.09890872	-3.2712805	0.0075154724	0.1016	4.0	1630.4220762252808
280	22.344858	2.0570128	26.340656	16.660059	200.0	12.279226	2.111665	16.55987	7.246239	1405000	3.5095216e-08	0.6467484	-0.022335695	-0.10674441	-3.2402656	0.012943839	0.1482	79.0	1636.7916841506958
281	22.11963	2.1707122	25.396307	17.776537	200.0	12.319747	2.1174917	16.813305	6.887429	1410000	-5.6886673e-08	1.0417122	-0.0004016971	-0.15520495	-3.2891133	0.008272841	0.092	2.0	1642.1268060207367
282	22.461721	1.8061923	25.504065	19.161015	200.0	12.320329	2.08833	16.410782	5.997143	1415000	7.4863436e-08	0.66862065	-0.0015552338	-0.13001567	-3.2975714	0.014007169	0.1826	6.0	1647.497465133667
283	22.542046	1.7996594	26.244915	18.63252	200.0	12.592597	2.087125	16.814535	8.129931	1420000	8.049011e-08	0.81461084	-0.0010559871	-0.073729694	-3.2881796	0.010364397	0.1042	1.0	1652.8256740570068
284	23.141933	2.264924	25.989058	15.164091	200.0	12.500134	2.1170504	16.620354	5.9720354	1425000	5.0735473e-08	1.2137274	-0.0010749532	-0.102207065	-3.321242	0.007679918	0.1424	1.0	1658.1816902160645
285	22.381165	2.0289679	25.642464	17.658188	200.0	12.494222	2.123396	16.725	7.316582	1430000	-9.298324e-08	0.69211197	0.003764261	-0.12868357	-3.313987	0.01700821	0.2112	1.0	1663.521388053894
286	22.479769	1.5573132	25.036852	20.007788	200.0	12.23845	2.0858226	16.181398	7.5540123	1435000	-2.3841857e-09	0.60899025	-0.0022095814	-0.0542593	-3.3182433	0.009567981	0.1158	1.0	1668.8683969974518
287	22.720737	1.78973	25.57527	18.26982	200.0	12.269495	2.0652711	16.41543	7.737354	1440000	-8.1825256e-08	0.5819615	0.0004958059	-0.081017375	-3.338398	0.0067547583	0.1162	1.0	1674.1894681453705
288	22.86689	1.2565055	24.641125	19.128325	200.0	12.516185	2.039218	16.257278	7.7906713	1445000	5.1498414e-09	0.6823147	-0.0012640302	-0.06751883	-3.3251328	0.009176885	0.1318	1.0	1679.74320602417
289	22.58025	2.0016923	25.98226	17.07192	200.0	12.394977	2.1291978	16.633724	7.022374	1450000	3.9386748e-08	0.9374261	-0.0016058052	-0.14938158	-3.3232238	0.0014256212	0.001	1.0	1685.0853538513184
290	22.72392	1.6649698	25.468061	17.263733	200.0	12.275402	2.195956	16.789072	5.5962634	1455000	3.2043456e-08	0.76709896	-0.0064427676	-0.10160893	-3.318221	0.004301216	0.0474	1.0	1691.0789620876312
291	23.081821	1.8955537	26.344877	20.208607	200.0	12.538606	2.0608392	16.753292	7.104103	1460000	9.803772e-08	0.7084649	-0.0035193614	-0.09213328	-3.2905102	0.0027122325	0.0348	1.0	1696.3855652809143
292	22.617159	1.8487593	25.844915	19.35034	200.0	12.547961	2.0722392	16.336966	7.140973	1465000	8.5639954e-08	0.7138825	-0.006104673	-0.07426846	-3.3459187	0.005277198	0.0534	1.0	1701.7224750518799
293	23.299805	2.0084116	28.117373	18.144924	200.0	12.52857	2.0980828	16.730957	6.3890767	1470000	-1.6307832e-08	0.63300246	-0.002937322	-0.08522481	-3.328543	0.009203815	0.0846	1.0	1707.0403518676758
294	23.217575	1.3962175	25.830322	20.993317	200.0	12.557054	2.1044858	16.62493	6.9291906	1475000	2.6512145e-08	0.7480022	-0.00527742	-0.096565425	-3.3384573	0.0038318161	0.0288	1.0	1712.366681098938
295	22.310444	1.8717238	25.27921	17.780985	200.0	12.410881	2.1557589	16.281	7.0335445	1480000	4.2939185e-08	1.0300751	-0.004573694	-0.15525281	-3.279486	0.013485055	0.1536	3.0	1717.7195398807526
296	22.899931	1.8590575	26.880085	18.859152	200.0	12.425399	2.0777893	16.26389	7.5256405	1485000	-1.6975402e-08	0.8038624	-0.022063995	-0.10976094	-3.3142524	0.009170717	0.1606	79.0	1723.489373922348
297	23.319578	1.7378803	27.574535	20.382599	200.0	12.468745	2.1188273	16.41154	7.1833253	1490000	-7.1907046e-08	0.7683204	-0.021320863	-0.08081287	-3.36016	0.0125207435	0.15	79.0	1729.2044451236725
298	22.636425	2.226209	28.30187	18.278526	200.0	12.448348	2.11028	16.175203	7.0317626	1495000	-9.6464156e-08	0.83365566	-0.021008998	-0.12379134	-3.4329407	0.01055517	0.1632	79.0	1734.9411289691925
299	22.882788	1.405491	25.629328	19.477446	200.0	12.368654	2.1308405	16.651829	6.87702	1500000	-3.8146972e-08	0.7717532	-0.0072194436	-0.08837283	-3.468386	0.012094293	0.1564	4.0	1740.2709879875183
300	22.694101	1.560585	26.255947	19.844213	200.0	12.570727	2.1145623	16.091225	7.3074927	1505000	7.9250334e-08	0.7928649	-0.021011183	-0.09692383	-3.4714813	0.011341004	0.1354	79.0	1746.641047000885
301	23.49284	1.5806149	25.946888	20.690464	200.0	12.5130415	2.0717952	16.417908	7.870898	1510000	-3.423691e-08	0.6323435	-0.022731671	-0.09104282	-3.440478	0.010977994	0.159	79.0	1752.3750200271606
302	22.245659	1.3203669	24.372818	19.28948	200.0	12.677198	2.1679733	16.657787	7.3096414	1515000	-6.6757204e-09	0.5192068	-0.010345813	-0.083871186	-3.4815938	0.013260719	0.1512	10.0	1757.738438129425
303	22.474476	2.0603065	26.625969	17.562263	200.0	12.790594	2.1147714	16.531246	7.387523	1520000	-1.03855136e-07	1.1415414	-0.0043333815	-0.16638738	-3.5182688	0.014892179	0.1616	3.0	1763.0642731189728
304	22.746582	1.6374995	26.403755	17.920492	200.0	12.849969	2.2240086	17.118801	7.138129	1525000	2.3078918e-08	1.0207559	-0.008298145	-0.14609438	-3.4785182	0.0073554954	0.109	6.0	1768.419112920761
305	22.974066	1.384106	25.323843	20.507465	200.0	12.871167	2.152321	16.815197	7.843946	1530000	-7.324219e-08	0.72720194	-0.006524014	-0.10005075	-3.5162976	0.008705339	0.1144	6.0	1773.7642421722412
306	23.12986	1.8184803	28.008532	19.462547	200.0	12.911583	2.147738	17.017818	7.0155087	1535000	7.333755e-08	0.7144534	-0.0075682113	-0.067537844	-3.5219312	0.013947076	0.144	10.0	1779.135197877884
307	22.621204	2.1165292	26.192095	18.199982	200.0	12.940078	2.0908089	16.818476	8.232577	1540000	-2.1362304e-08	0.9374631	-0.022385344	-0.14585322	-3.5426414	0.010566095	0.1662	79.0	1784.8433721065521
308	21.872541	2.57765	25.339054	15.642895	200.0	12.673418	2.2238166	16.697317	6.439825	1545000	1.5640259e-08	1.0263046	-0.022661047	-0.1295492	-3.560165	0.010375758	0.1732	79.0	1790.5627031326294
309	22.769392	1.5104539	25.754398	19.39099	200.0	12.701491	2.1014216	16.871117	7.185481	1550000	-4.1007997e-08	0.5702456	-0.022384623	-0.11737335	-3.5718558	0.012009852	0.1548	75.0	1796.2742929458618
310	23.362759	1.5343068	27.190079	20.606478	200.0	12.678713	2.082698	16.511839	6.4766636	1555000	-6.8855286e-08	0.8448318	-0.004294414	-0.17236578	-3.662526	0.011792773	0.1616	5.0	1802.254830121994
311	22.722374	1.3694947	25.352068	19.905005	200.0	12.607454	2.1227074	16.62642	7.9557104	1560000	-1.335144e-09	0.6356174	0.00042025227	-0.11739713	-3.6101446	0.013921159	0.1932	1.0	1807.6697990894318
312	23.172424	1.7913966	25.340702	18.390919	200.0	12.92789	2.1484718	16.761835	7.094348	1565000	9.9515916e-08	0.663273	-0.0021640582	-0.13572925	-3.640664	0.0067243185	0.1362	1.0	1813.0173721313477
313	22.664474	1.4296991	24.592186	18.684065	200.0	12.971665	2.162278	17.195131	6.9800906	1570000	-1.0681152e-08	1.1668037	0.00066145806	-0.16161537	-3.6595476	0.007886621	0.1132	1.0	1818.3376219272614
314	22.698591	1.6715295	26.193134	17.808247	200.0	12.73335	2.137621	17.242893	7.8714695	1575000	1.449585e-08	0.5177921	-0.0030509147	-0.08369693	-3.6644242	0.01061559	0.1238	1.0	1823.6733210086823
315	22.488298	2.3078864	26.586544	16.051731	200.0	12.742912	2.1662338	16.903767	6.7812943	1580000	8.5258485e-08	0.9501086	-0.0022043493	-0.086658776	-3.6806743	0.010419551	0.1224	1.0	1829.00346326828
316	22.91815	1.7912151	26.558666	18.811783	200.0	12.718273	2.1511137	17.145605	6.803089	1585000	9.069443e-08	0.91148186	0.00038191729	-0.12600839	-3.652684	0.016409094	0.1894	1.0	1834.3438699245453
317	23.18653	1.7980473	27.719748	19.327478	200.0	13.06333	2.151306	17.31012	7.6684694	1590000	-3.4332274e-08	0.5747619	-0.0016015058	-0.08576682	-3.6603827	0.005012752	0.0688	1.0	1839.7021412849426
318	23.335485	1.5548371	25.774223	19.84544	200.0	13.167247	2.1605117	17.048288	7.7234	1595000	3.223419e-08	0.6874434	-0.00204975	-0.089502275	-3.676403	0.004718541	0.0168	1.0	1845.0650260448456
319	23.409443	1.9799428	27.262363	19.470476	200.0	13.059695	2.1151	17.97134	8.313972	1600000	1.411438e-08	0.8382834	-0.0007879301	-0.08580476	-3.6426265	0.010118293	0.1074	1.0	1850.394238948822
320	22.368929	1.7895923	25.713865	17.684874	200.0	12.772189	2.192443	16.791704	7.959494	1605000	9.250641e-08	0.8696488	-0.002959536	-0.121071994	-3.688861	0.007152187	0.089	1.0	1856.3737020492554
321	23.237568	1.6645076	27.104467	19.518959	200.0	12.8162	2.157449	16.605728	7.6635528	1610000	-3.9100648e-08	0.63558143	-0.0016805389	-0.064561844	-3.6865985	0.009130074	0.119	1.0	1861.7393419742584
322	22.780342	1.9398229	27.324705	17.463478	200.0	12.863522	2.1379554	16.583563	7.950423	1615000	-1.1444092e-08	0.73690635	-0.0016406613	-0.08766639	-3.6897864	0.0075056	0.0702	1.0	1867.0774252414703
323	22.949268	1.5751436	26.136412	20.132645	200.0	12.695959	2.1839075	17.24463	7.7134666	1620000	4.234314e-08	0.93866485	-0.0021698168	-0.13778919	-3.682526	0.004413274	0.061	1.0	1872.4656419754028
324	22.567415	2.261368	26.152336	15.754527	200.0	12.674565	2.1813307	17.04738	7.6874404	1625000	-1.27792354e-08	1.1894848	-0.004610584	-0.14595139	-3.690136	0.0025158373	0.0416	1.0	1877.7880940437317
325	23.240503	1.5932751	26.056194	19.759075	200.0	12.633312	2.1383862	16.648388	6.672418	1630000	8.296966e-08	0.77117044	-0.0054874863	-0.0796051	-3.6617172	0.0061263083	0.0764	1.0	1883.132800102234
326	23.237951	1.5444382	25.193836	19.890297	200.0	12.633625	2.207641	16.596544	6.630818	1635000	-4.5204164e-08	0.87431365	-0.0033335295	-0.09657657	-3.6805415	0.005664947	0.0712	1.0	1888.4825892448425
327	23.139048	1.9419745	26.347929	19.017677	200.0	12.669275	2.1709673	16.772469	6.0858135	1640000	5.8174134e-08	0.89329064	-0.0033879443	-0.098581195	-3.6721327	0.006359545	0.1116	1.0	1893.8013491630554
328	24.044714	1.7083315	26.79724	20.374454	200.0	12.651853	2.1396222	16.71007	7.7937193	1645000	2.784729e-08	0.8744097	-0.0033843983	-0.19428182	-3.6842043	0.0012095254	0.0184	1.0	1899.1723718643188
329	23.645824	1.4573401	27.911816	20.951233	200.0	12.921844	2.2827466	16.805685	6.559284	1650000	1.26361845e-08	1.0694685	-0.004216189	-0.14054096	-3.6901402	0.0043204115	0.0296	1.0	1904.5232181549072
330	23.322783	1.4741855	27.291286	20.636654	200.0	13.023053	2.1203249	16.606493	5.971499	1655000	-1.1062622e-08	0.7024748	-0.0039093164	-0.10322964	-3.6841204	0.007709127	0.046	1.0	1910.513060092926
331	23.871626	1.6779215	27.603163	20.663141	200.0	12.9576235	2.1583433	17.194324	7.1442223	1660000	-8.4877016e-08	0.78768754	-0.0038429329	-0.13865304	-3.6570406	0.005709463	0.0262	1.0	1915.8423202037811
332	22.978174	2.1489422	26.189606	16.929817	200.0	13.013125	2.102429	16.992985	8.410139	1665000	-1.0032654e-07	0.605734	-0.0042824093	-0.10468161	-3.6742337	0.006480237	0.0562	1.0	1921.153738975525
333	23.196838	1.5172992	26.511732	20.67141	200.0	12.862989	2.1497297	16.892	7.721721	1670000	-5.645752e-08	0.61798847	-0.0042459434	-0.08480573	-3.679477	0.006750186	0.0846	1.0	1926.4802570343018
334	23.770218	1.4210227	26.770752	22.033901	200.0	13.114713	2.0799975	17.006937	7.450555	1675000	-5.8937072e-08	0.7317883	-0.0038194915	-0.09671843	-3.6824465	0.0042130854	0.0522	1.0	1931.8097751140594
335	24.208017	2.507489	28.028522	15.804986	200.0	13.134125	2.2030277	17.26717	7.9112988	1680000	-5.0926207e-08	0.9255217	-0.00164859	-0.13241357	-3.6568863	0.0016541973	0.022	1.0	1937.2248339653015
336	23.473022	1.4014704	26.15638	20.521204	200.0	13.125631	2.1088133	17.336998	8.2273445	1685000	2.1505356e-08	0.64466697	-0.0038641454	-0.07406777	-3.6771407	0.0039701173	0.0508	1.0	1942.5404360294342
337	23.543222	1.9142641	27.220642	19.87696	200.0	12.938329	2.160874	16.92691	7.4754925	1690000	-3.1089783e-08	0.663575	-0.0031103673	-0.09432393	-3.705983	0.0014527348	0.015	1.0	1947.8595230579376
338	23.501987	1.8041015	26.862925	19.942865	200.0	13.011297	2.1386638	16.914572	6.815938	1695000	-2.5939942e-08	0.6189477	-0.0045257714	-0.0710516	-3.6944125	0.006694508	0.0698	3.0	1953.1852760314941
339	23.460024	1.4565861	26.839613	19.88999	200.0	12.906136	2.0972965	16.749779	6.575336	1700000	-5.722046e-09	0.6683867	-0.021004284	-0.120256126	-3.6625218	0.011218739	0.1372	79.0	1958.9123010635376
340	23.101805	2.5840561	26.905926	14.924422	200.0	12.576399	2.2039251	16.667522	7.3277025	1705000	-4.9972535e-08	0.9094832	-0.022717763	-0.14722627	-3.6726809	0.015124663	0.1604	54.0	1965.2183320522308
341	24.112288	1.2837082	27.146189	21.857643	200.0	12.719276	2.0617871	16.437487	7.674373	1710000	-3.528595e-08	0.55991274	-0.020991458	-0.118947804	-3.7770102	0.011792033	0.189	79.0	1970.9670269489288
342	23.533962	1.845292	26.463322	18.065514	200.0	12.934755	2.0748558	16.493568	7.3393016	1715000	2.2125244e-08	0.595985	-0.025582202	-0.12082654	-3.7929125	0.012851373	0.1678	79.0	1976.682438135147
343	23.568853	1.7052304	26.66609	19.17287	200.0	13.081464	2.1273015	17.050058	8.311278	1720000	-1.6975402e-08	0.5477715	-0.006092885	-0.05885482	-3.8630786	0.009343002	0.0946	6.0	1982.0324048995972
344	23.157578	1.8485173	26.345043	18.899992	200.0	13.168346	2.18497	17.06359	7.614209	1725000	5.2547456e-08	0.70652884	-0.006900746	-0.06551647	-3.862241	0.0071676606	0.0786	3.0	1987.3588399887085
345	23.804209	1.5572171	26.530264	20.57708	200.0	13.12813	2.2379968	17.617157	8.000095	1730000	7.476807e-08	0.8278096	-0.0068304734	-0.11358076	-3.8569543	0.016792102	0.207	3.0	1992.7724630832672
346	23.71066	2.0997565	27.245865	19.12285	200.0	13.048956	2.1169615	17.619102	8.248072	1735000	-4.8446655e-08	1.1244142	-0.0062611345	-0.14862543	-3.9078727	0.0076657264	0.0896	5.0	1998.165069103241
347	23.991592	2.0931406	28.852829	18.743832	200.0	13.015432	2.3160431	17.60641	7.286056	1740000	2.5749207e-09	1.2088361	-0.002772898	-0.10513854	-3.8681483	0.021076715	0.2292	2.0	2003.4994311332703
348	24.173141	1.4612306	27.415083	21.657763	200.0	13.124552	2.146832	17.026367	6.734547	1745000	3.5858154e-08	0.8664401	-0.007596248	-0.19753766	-3.8916578	0.0053458153	0.0734	7.0	2008.8671600818634
349	23.995146	1.3483201	26.337626	21.423632	200.0	12.904036	2.1148548	16.92019	7.795111	1750000	-1.4877319e-08	0.6687047	-0.0033672794	-0.06274915	-3.869355	0.0074666063	0.057	1.0	2014.178484916687
350	24.559847	1.784964	27.944103	20.684982	200.0	13.030375	2.122941	17.313189	6.916653	1755000	-1.0299683e-08	0.88862365	-0.020158842	-0.12023407	-3.8635309	0.008714172	0.1788	79.0	2020.615130186081
351	24.000742	2.3842747	27.310183	15.589147	200.0	13.264069	2.2386546	17.44001	7.523395	1760000	6.504059e-08	0.9381674	-0.023048628	-0.15289909	-3.9163718	0.013032148	0.1628	79.0	2026.3832161426544
352	23.673864	2.3487248	28.042519	18.707027	200.0	13.383226	2.2561624	17.454437	7.1762724	1765000	-1.6536713e-07	0.96846193	-0.009678117	-0.14134198	-3.9561098	0.007506073	0.1216	8.0	2031.721997976303
353	24.271946	1.8681235	27.919605	20.350826	200.0	13.544258	2.2072608	17.915668	7.918781	1770000	6.1035155e-09	0.864211	-0.001030512	-0.07769823	-3.9495423	0.0045317295	0.0708	1.0	2037.03386592865
354	24.25441	1.509798	27.436409	21.693209	200.0	13.561575	2.1403828	17.710484	8.49773	1775000	-6.5517426e-08	0.59113157	0.00062743	-0.058764994	-3.9693913	0.0065442086	0.0942	1.0	2042.3566179275513
355	23.972624	1.5981282	26.767138	20.087542	200.0	13.4242935	2.163101	17.425245	7.6264343	1780000	6.752014e-08	0.73186076	-0.0043904344	-0.08131534	-3.9737027	0.011418192	0.1216	1.0	2047.675894021988
356	24.589695	1.8000551	27.900206	21.29797	200.0	13.575975	2.2112572	17.63023	8.020589	1785000	1.6975402e-08	0.7286037	-0.004738661	-0.14246327	-3.9728875	0.0063727614	0.1042	1.0	2053.0093109607697
357	23.86663	1.6207734	27.135489	19.777561	200.0	13.563673	2.1396148	17.458714	8.16906	1790000	3.2806398e-08	0.7021274	0.0006021137	-0.19219148	-3.9576647	0.011667779	0.1262	1.0	2058.3338589668274
358	24.280525	2.1900816	29.044847	17.860895	200.0	13.322756	2.156996	17.113955	8.10409	1795000	-2.7275085e-08	0.87498224	-0.0033402606	-0.15244102	-3.9695008	0.009386667	0.1596	1.0	2063.659425973892
359	23.690514	2.0837533	27.601511	19.8559	200.0	13.354267	2.204459	17.777868	6.9407153	1800000	5.016327e-08	0.9118088	-0.0037698331	-0.11348778	-3.9503875	0.008758234	0.09	1.0	2068.981906890869
360	24.008554	1.3902144	26.476044	20.466732	200.0	13.477541	2.1901352	17.78569	7.3481965	1805000	-2.6893616e-08	0.8123354	-0.002768599	-0.1342529	-3.9701397	0.0035466931	0.1012	1.0	2075.028140068054
361	23.667635	1.792698	27.179413	19.300858	200.0	13.319272	2.2938852	17.728624	7.0199847	1810000	1.5754699e-07	1.1198455	-0.0031041969	-0.16637158	-3.9801605	0.0062005576	0.0868	1.0	2080.391235113144
362	24.09832	1.37601	26.62977	21.348589	200.0	13.275013	2.292136	17.872093	6.1452847	1815000	-4.7683717e-08	1.0947987	-0.0023774963	-0.12128669	-3.9820445	0.0046722	0.0576	1.0	2085.743614912033
363	23.46927	1.5661781	26.18833	20.286596	200.0	13.217047	2.306229	17.294317	5.964707	1820000	5.7411192e-08	1.1764634	-0.0055166213	-0.22663629	-3.9709883	0.0057689026	0.0452	1.0	2091.0549821853638
364	25.094553	1.7539433	28.175882	21.10698	200.0	13.254922	2.1230106	17.39562	7.728489	1825000	2.746582e-08	1.044425	-0.0043667112	-0.16188145	-3.9990532	0.005600923	0.0346	1.0	2096.3729379177094
365	25.023752	1.7540871	27.966873	21.655535	200.0	13.430552	2.1830137	17.630362	6.310389	1830000	-4.2915346e-08	0.863267	-0.0021972633	-0.07039219	-3.9808805	0.004654642	0.035	1.0	2101.6870131492615
366	24.453928	1.5557979	26.982082	21.433966	200.0	13.393166	2.210751	17.627445	7.067415	1835000	-4.348755e-08	0.78763026	-0.0047905273	-0.086166084	-3.9842882	0.0045106807	0.0468	1.0	2106.999133825302
367	24.349133	1.9618418	28.471998	20.508987	200.0	13.422154	2.176771	17.490915	7.9361057	1840000	1.0681152e-08	0.8692326	-0.0020770028	-0.07479805	-4.000706	0.0074503054	0.0858	1.0	2112.3219060897827
368	24.335842	1.6345642	26.727997	21.194574	200.0	13.44305	2.0996735	17.743841	7.855199	1845000	-2.002716e-09	0.6862959	-0.003267428	-0.07825738	-3.9724548	0.0036933518	0.0958	1.0	2117.7310378551483
369	24.316961	2.078917	28.80751	19.82863	200.0	13.072995	2.1780598	17.145426	7.39839	1850000	-6.1035155e-09	0.7420756	-0.005811051	-0.11104673	-3.9764328	0.005380653	0.0856	1.0	2123.048766851425
370	24.266592	1.7643017	28.187967	21.345835	200.0	13.158384	2.1868777	17.6557	7.539812	1855000	-1.5640259e-08	0.9467327	-0.0032638463	-0.15574706	-3.9967277	0.0058645583	0.0442	1.0	2129.1079359054565
371	24.750866	1.4353515	27.405924	21.833826	200.0	13.200531	2.1023726	17.451832	7.8753695	1860000	5.0926207e-08	0.71408683	-0.0026936457	-0.10813242	-3.9932585	0.008044563	0.1484	1.0	2134.447436094284
372	23.378365	1.9325613	27.293299	19.254528	200.0	13.129589	2.2367373	17.323317	6.6841784	1865000	1.1892319e-07	1.0834004	-0.004152572	-0.10921228	-4.0024757	0.006491844	0.0494	1.0	2139.8064188957214
373	24.226524	1.695829	27.397446	20.57406	200.0	13.230597	2.2020512	17.48457	7.9042573	1870000	5.0735473e-08	1.0186229	-0.0024611715	-0.17443478	-3.9960032	0.0025970857	0.0306	1.0	2145.2467651367188
374	24.202686	1.7057931	27.837572	21.617645	200.0	13.338014	2.1788006	17.65044	7.2121487	1875000	7.705688e-08	0.72251433	-0.0047091246	-0.1002537	-3.9704142	0.005065479	0.0426	1.0	2150.5639350414276
375	23.895632	2.409098	27.90796	15.989013	200.0	13.181403	2.169669	17.231493	7.317619	1880000	-5.2261353e-08	0.86471426	-0.00546671	-0.122226775	-4.0113883	0.010946246	0.121	3.0	2156.500813961029
376	24.39346	1.6659262	28.406553	20.930296	200.0	13.153272	2.2592146	17.327517	7.0418963	1885000	4.386902e-09	0.8644499	-0.019456422	-0.18611938	-4.010727	0.006917392	0.1322	79.0	2164.171180009842
377	25.19745	1.4588528	27.249105	21.327057	200.0	13.507603	2.0715334	17.604954	8.286532	1890000	-1.6403199e-08	0.71504366	-0.006802361	-0.13119489	-3.9879055	0.006442154	0.0646	6.0	2171.478879928589
378	24.644348	1.7598059	27.845121	20.895699	200.0	13.577172	2.2410676	17.570623	7.4116244	1895000	-6.465912e-08	1.1901867	-0.006585146	-0.17575395	-4.006811	0.015019231	0.2206	6.0	2178.9673380851746
379	24.20131	1.6238258	28.17831	20.815237	200.0	13.496375	2.1758256	17.535093	7.9126825	1900000	-2.193451e-08	0.70057154	-0.023183485	-0.11540091	-3.9729786	0.010783877	0.1764	79.0	2185.636206150055
380	23.885805	1.7159523	27.491028	20.274199	200.0	13.486174	2.2491732	17.672005	6.8520527	1905000	-6.752014e-08	1.2374974	-0.007190425	-0.19184232	-4.028043	0.0065684365	0.0728	6.0	2192.5535621643066
381	24.933437	1.6421263	27.686869	20.905561	200.0	13.358294	2.2542439	17.722666	6.6674438	1910000	-3.8146972e-08	0.94414485	-0.004656959	-0.19185239	-4.0744357	0.004375627	0.0596	1.0	2199.413938999176
382	24.686323	1.851528	27.87219	19.4382	200.0	13.564002	2.2386928	17.915188	7.6789923	1915000	3.118515e-08	0.6442222	-0.006985575	-0.060260653	-4.0318656	0.012532727	0.0988	1.0	2205.37522816658
383	24.694492	1.5789613	27.728172	20.350101	200.0	13.580836	2.177721	17.862871	6.830927	1920000	4.4250488e-08	0.61128026	-0.0032590183	-0.06728476	-4.0978556	0.0031531402	0.0532	1.0	2212.1262550354004
384	24.636158	1.8188114	28.708782	20.318077	200.0	13.532995	2.1934888	17.663727	7.453209	1925000	-4.0817262e-08	0.8293362	-0.021782573	-0.097916305	-4.0851846	0.010876392	0.1672	79.0	2223.506664991379
385	24.48324	1.8339883	28.53298	20.204145	200.0	13.452586	2.2117498	17.566786	7.7619705	1930000	-1.7547608e-08	0.95417464	-0.022920731	-0.13291419	-4.098366	0.013031282	0.1766	79.0	2234.9297490119934
386	24.559752	1.5732325	28.453985	21.923452	200.0	13.547825	2.2009957	17.85071	7.590298	1935000	-2.6512145e-08	0.8646898	-0.0068820626	-0.13556856	-4.09141	0.016154673	0.1958	6.0	2242.1119759082794
387	24.97003	1.4426074	27.47526	21.9511	200.0	13.884195	2.1861277	17.618372	8.927258	1940000	-8.8882445e-08	0.59554046	-0.021418765	-0.15618074	-4.1045647	0.011934012	0.1734	79.0	2248.672881126404
388	24.75622	1.5983745	26.887276	22.077938	200.0	14.022319	2.201108	17.931763	8.706561	1945000	6.866455e-09	0.7190356	-0.007944596	-0.10828024	-4.1865387	0.015360428	0.1704	4.0	2254.648344039917
389	24.85471	1.5439187	27.771545	20.914268	200.0	13.904194	2.2082505	17.841335	7.5670223	1950000	2.269745e-08	1.0251279	-0.023215983	-0.15034646	-4.181434	0.011300084	0.1564	79.0	2262.8868379592896
390	24.134853	1.7990129	27.49637	19.964506	200.0	13.884738	2.2643704	17.914936	7.8584976	1955000	-5.3215025e-08	0.85730636	-0.008519547	-0.12472755	-4.1964912	0.009298464	0.1508	5.0	2271.377997159958
391	24.672644	1.8202841	27.91118	18.985083	200.0	13.987091	2.188994	17.954727	8.418762	1960000	-2.0599366e-08	0.7863118	-0.019479237	-0.08907157	-4.1729093	0.011588486	0.197	79.0	2278.301994085312
392	23.705866	2.8900816	27.625568	12.327129	200.0	13.798334	2.2887568	17.653782	8.024667	1965000	-7.5340274e-08	0.95569277	-0.020784525	-0.111609936	-4.270986	0.013693207	0.1704	79.0	2285.195126056671
393	24.299973	2.2703128	28.182163	19.317429	200.0	13.593337	2.3023415	17.679743	7.0389338	1970000	3.4332274e-08	1.0215257	-0.0027863525	-0.114325345	-4.286052	0.0042407303	0.0734	1.0	2292.079020023346
394	25.22435	1.82222	28.769222	21.759079	200.0	13.703994	2.1797793	17.495192	7.637938	1975000	1.0209084e-07	0.7073992	-0.0007388968	-0.19076198	-4.313229	0.0098954495	0.1386	1.0	2298.8175280094147
395	24.08046	1.6743661	26.786158	20.664095	200.0	13.92275	2.2563548	17.974861	7.157538	1980000	-1.244545e-07	0.902387	-0.0038008008	-0.17906553	-4.307667	0.0058240206	0.0384	1.0	2304.3690440654755
396	24.414732	1.6220945	27.421389	21.079737	200.0	13.6693	2.2938125	18.192976	7.2140527	1985000	-7.066727e-08	1.118634	-0.0018105267	-0.17118222	-4.2941046	0.009429788	0.1548	1.0	2310.435464143753
397	24.578907	2.1329088	29.920933	21.020586	200.0	13.52275	2.3401077	18.983421	7.02273	1990000	1.4724732e-07	1.3795892	0.00037670767	-0.1658417	-4.264414	0.014870766	0.1824	1.0	2316.967581987381
398	24.570223	1.9607744	28.691793	19.737915	200.0	13.631669	2.2996933	17.901499	6.9520974	1995000	1.2226104e-07	0.9795451	-0.00477329	-0.14172077	-4.3181577	0.0074760546	0.1198	1.0	2322.994043111801
399	23.804104	2.3725646	28.07924	18.136204	200.0	13.524294	2.510094	18.280424	6.166464	2000000	-8.678437e-09	1.3620293	-0.003179875	-0.12399018	-4.2878838	0.0063945977	0.0618	1.0	2328.7721750736237
400	24.534424	1.5351299	27.000437	22.089207	200.0	13.731939	2.1799228	18.121284	7.9260397	2005000	-8.1539156e-08	0.75223225	-0.0017915932	-0.18563557	-4.3066993	0.009409853	0.0952	1.0	2334.8806471824646
401	24.77614	1.494197	27.422699	22.33433	200.0	13.896103	2.1811314	17.747255	8.074367	2010000	1.5449524e-08	0.90611124	-0.003207757	-0.17801398	-4.2619586	0.005197432	0.074	1.0	2340.3032240867615
402	24.513315	2.322362	29.042557	18.578285	200.0	13.8458395	2.2356575	18.040483	8.258934	2015000	-1.2626649e-07	0.9032498	-0.0044730906	-0.10033667	-4.287175	0.007094166	0.0822	1.0	2345.85374212265
403	24.667376	1.7067562	28.479164	21.270283	200.0	13.70485	2.2552269	17.716608	7.4543805	2020000	5.531311e-08	1.0724115	-0.0017992037	-0.14427316	-4.3071704	0.0058881734	0.1198	1.0	2351.327311038971
404	25.16137	2.20464	28.999758	20.071526	200.0	13.656839	2.246226	17.615852	6.6291456	2025000	-1.7738342e-08	0.90116423	-0.00342638	-0.1564647	-4.2708774	0.0035437988	0.0268	1.0	2356.8616061210632
405	25.17717	1.9782053	30.314844	20.163977	200.0	13.944836	2.2241886	18.555117	8.207943	2030000	-5.8937072e-08	0.7664248	-0.0044348636	-0.11386943	-4.2935634	0.008264856	0.1416	1.0	2362.353933095932
406	25.415691	1.8353186	28.256697	22.504156	200.0	14.15245	2.1821914	18.080046	8.62694	2035000	5.645752e-08	0.78348565	-0.0029610435	-0.07295513	-4.2931814	0.0077020125	0.0684	1.0	2367.877988100052
407	24.790186	1.4880599	27.724718	21.204168	200.0	14.149607	2.3210492	18.245512	6.8426366	2040000	-8.020401e-08	0.7216179	-0.0043040966	-0.120767295	-4.2745414	0.0034188197	0.0778	1.0	2373.434585094452
408	24.64374	1.8749061	27.953617	21.51107	200.0	14.164203	2.1376798	18.356829	8.015488	2045000	-3.7956237e-08	0.8487995	-0.0033022542	-0.09713799	-4.304982	0.005781409	0.0412	1.0	2379.0307581424713
409	25.189638	1.7460526	27.962097	19.898806	200.0	14.064556	2.2696035	18.429993	6.481359	2050000	1.1501312e-07	0.7238021	-0.0049903383	-0.104271054	-4.3338385	0.008730577	0.106	1.0	2384.566447019577
410	25.860926	1.1517047	27.557781	23.052711	200.0	14.207207	2.0574796	17.929098	7.5497904	2055000	-7.281304e-08	0.78493005	-0.002704585	-0.11987716	-4.3026423	0.0035315766	0.0216	1.0	2390.98069190979
411	24.968828	1.9403834	28.159668	21.5214	200.0	14.049881	2.272072	18.246447	7.9004965	2060000	-2.7656554e-08	0.9617268	-0.0028622565	-0.139714	-4.290559	0.008176985	0.1092	1.0	2396.624279022217
412	24.209124	2.6245847	27.966312	13.324577	200.0	13.677609	2.3118274	18.036507	7.25784	2065000	-3.9291383e-08	1.1510115	-0.0043422827	-0.21291363	-4.2394934	0.0029214695	0.0644	1.0	2402.039665222168
413	25.318304	1.9855149	28.747053	21.603317	200.0	13.576909	2.4515355	17.943207	5.084497	2070000	-6.370544e-08	1.6414666	-0.0024588024	-0.25776196	-4.328068	0.0068134614	0.0684	1.0	2407.567363023758
414	25.269543	1.7111481	29.844164	22.716827	200.0	13.650406	2.1661162	17.554916	7.598487	2075000	-4.863739e-08	0.88687325	-0.005410278	-0.1655761	-4.2869515	0.00885404	0.0756	1.0	2413.0469539165497
415	25.490942	1.6799238	28.711334	21.569935	200.0	13.623404	2.2002265	17.407257	7.309495	2080000	-8.31604e-08	0.9620164	-0.003869068	-0.14794618	-4.3348536	0.004339414	0.0188	1.0	2418.591465950012
416	25.370882	1.73764	28.580978	21.619183	200.0	13.899507	2.2793508	18.087324	7.619145	2085000	7.982254e-08	1.1260619	-0.0056488183	-0.14857054	-4.305081	0.0030250358	0.0472	1.0	2424.057788133621
417	26.276577	1.6791396	29.659986	22.611898	200.0	14.299088	2.1835415	18.308142	7.406958	2090000	3.871918e-08	1.0327411	-0.0049301046	-0.17761713	-4.2620945	0.0074141906	0.0968	1.0	2429.897567987442
418	25.65255	1.4273387	28.343546	21.910686	200.0	14.381278	2.2446802	18.5351	7.203532	2095000	-7.123947e-08	0.8831371	-0.0044248765	-0.13216984	-4.2992897	0.0032038102	0.0242	1.0	2435.5400891304016
419	25.566738	1.491819	28.379045	22.575424	200.0	14.127758	2.233564	17.830841	6.6959558	2100000	-2.4795532e-09	1.2134881	-0.0029317182	-0.17500854	-4.295327	0.0017183326	0.0346	1.0	2441.7220542430878
420	25.503124	1.850057	28.62285	21.073467	200.0	13.873925	2.1505835	17.746958	7.0262394	2105000	-1.6307832e-08	0.71022624	-0.003158818	-0.09299618	-4.308036	0.0030540589	0.0362	1.0	2448.7515099048615
421	25.416414	1.671503	28.510014	21.451735	200.0	14.003196	2.094199	17.3699	8.8183975	2110000	5.016327e-08	0.5691929	-0.004806319	-0.060343742	-4.3441978	0.0064867204	0.059	1.0	2454.9422969818115
422	25.16319	1.6463456	29.70773	22.52593	200.0	14.135238	2.1785743	17.674555	7.6052628	2115000	-1.16539e-07	0.86553943	-0.004423612	-0.1058318	-4.302947	0.008130434	0.0442	1.0	2461.1492981910706
423	25.464628	1.7123624	28.18432	21.201853	200.0	14.1776905	2.204224	18.04783	7.870446	2120000	3.681183e-08	0.65671414	-0.0064553665	-0.09729695	-4.2681336	0.009549908	0.1238	1.0	2467.179960012436
424	25.061888	1.8114561	29.255667	20.94344	200.0	14.02694	2.2292235	18.078293	7.89347	2125000	4.2533873e-08	1.1271713	-0.0030324047	-0.13716418	-4.295947	0.004312181	0.0318	1.0	2473.9261832237244
425	25.37731	1.7344098	30.045687	22.242147	200.0	14.1786785	2.2129452	18.292782	8.63308	2130000	1.14059446e-07	0.71888125	-0.0051475842	-0.12238914	-4.3252006	0.00823788	0.1414	3.0	2480.071692943573
426	25.207603	1.7681705	29.039473	21.07741	200.0	14.051513	2.1779952	17.792332	9.068647	2135000	6.2561035e-08	0.7531791	-0.0029911802	-0.090088725	-4.2974443	0.0085815815	0.1058	3.0	2486.5007059574127
427	24.477903	1.9229699	27.421135	19.631388	200.0	14.011687	2.1990886	17.676939	7.6848125	2140000	1.1863708e-07	0.9025019	-0.0031388125	-0.17301148	-4.330426	0.003830748	0.0198	1.0	2492.790643930435
428	25.515575	1.7234176	28.19325	21.469732	200.0	13.727184	2.2203257	17.546457	7.543078	2145000	-6.3323974e-08	0.847108	-0.0049451147	-0.09188485	-4.3014736	0.008332077	0.1114	1.0	2498.9605202674866
429	25.29573	2.146476	28.761095	20.46731	200.0	13.925055	2.1585648	17.68637	8.371548	2150000	9.536743e-09	0.8315324	-0.023283701	-0.06837553	-4.3107743	0.01193224	0.169	79.0	2505.010828971863
430	26.050957	2.0659332	31.560802	21.982351	200.0	13.925508	2.266947	17.70184	4.6670485	2155000	-7.252693e-08	1.1895064	-0.020003248	-0.13463199	-4.380759	0.009616988	0.136	79.0	2512.322522163391
431	25.025293	3.1803315	29.6979	11.762725	200.0	13.769767	2.3075001	17.782526	6.9501567	2160000	9.536744e-10	1.1828909	-0.021602867	-0.17405677	-4.3167667	0.014700626	0.1934	79.0	2518.737191915512
432	25.286903	1.7717118	29.453728	21.12524	200.0	13.968706	2.1381588	17.768677	8.308868	2165000	6.351471e-08	0.61988914	-0.007510508	-0.060266078	-4.4164243	0.0133078825	0.1764	5.0	2524.408884048462
433	25.740803	2.089893	28.845314	19.153265	200.0	14.082934	2.1412413	17.614954	9.061569	2170000	-7.724762e-08	1.1286495	-0.003192106	-0.27012956	-4.4086704	0.02114656	0.2286	2.0	2530.089149951935
434	25.921307	1.1968372	28.925924	23.45564	200.0	14.434784	2.218811	18.121426	5.941253	2175000	4.053116e-08	0.8482081	-0.0012562311	-0.15263653	-4.4079533	0.0063518747	0.0812	2.0	2535.7899260520935
435	24.388182	2.1375556	27.426012	18.86289	200.0	14.282253	2.1972318	17.912579	6.9929852	2180000	-5.3310394e-08	1.0466084	-0.006901701	-0.33122015	-4.402892	0.008062869	0.0736	3.0	2541.3830609321594
436	24.712801	1.689707	28.813387	21.847479	200.0	13.923666	2.1989942	17.737879	7.3670373	2185000	8.5830685e-09	0.8234122	-0.016178655	-0.0962227	-4.4360895	0.012151512	0.119	28.0	2547.1247720718384
437	24.85605	1.5223324	27.870573	21.926767	200.0	13.742337	2.2350852	17.489988	7.1871343	2190000	-7.915497e-09	0.862426	-0.022767132	-0.123282254	-4.4302177	0.0115329735	0.1576	76.0	2553.111964225769
438	25.616411	2.012791	29.025063	20.404215	200.0	13.88945	2.2091572	18.14635	7.2201056	2195000	-3.5858154e-08	0.9257309	-0.022400262	-0.1695978	-4.497333	0.010888118	0.1484	79.0	2559.227849960327
439	25.249784	1.9563001	29.247528	21.399736	200.0	14.054262	2.1612265	17.989374	8.437923	2200000	3.4332274e-08	0.6806974	-0.02538192	-0.09493399	-4.520896	0.011483575	0.1734	79.0	2565.1733272075653
440	25.337746	1.9113741	29.709433	21.035995	200.0	14.142177	2.201662	18.353495	7.675282	2205000	9.536744e-10	0.92704797	-0.020304684	-0.11464572	-4.5365868	0.011649155	0.1824	70.0	2571.88907790184
441	24.921307	2.1474955	28.726847	18.85705	200.0	14.025986	2.351753	18.238966	6.92899	2210000	9.679794e-08	0.93982166	-0.024189815	-0.22128814	-4.612693	0.010915698	0.1724	79.0	2577.748538017273
442	25.462248	1.0132325	27.277573	23.339466	200.0	14.261664	2.1988022	17.952091	7.730422	2215000	6.9904324e-08	0.74622035	-0.023196405	-0.12690532	-4.633996	0.0110272	0.1852	79.0	2583.918939113617
443	25.27256	2.1380339	28.324614	21.006063	200.0	14.1133	2.2221706	17.745499	7.9354796	2220000	-6.2942505e-09	0.9815053	-0.023623051	-0.12715185	-4.6739626	0.009230235	0.1874	79.0	2590.032597064972
444	25.638622	1.7914904	30.088861	21.225428	200.0	14.441859	2.186156	18.215868	6.8656263	2225000	4.143715e-08	0.6706915	-0.020770354	-0.12116891	-4.708073	0.014061949	0.2418	78.0	2596.0756390094757
445	24.793581	1.9502169	28.378553	21.554886	200.0	14.387572	2.3154545	18.206545	8.033926	2230000	-4.3296815e-08	0.70978194	-0.00010573215	-0.12951815	-4.769123	0.0118983565	0.157	1.0	2601.794353246689
446	25.214588	1.711722	28.067173	22.435574	200.0	14.230121	2.194185	17.752201	7.1252446	2235000	-1.0871887e-08	0.69987357	-0.0012893799	-0.11700094	-4.7610064	0.010950308	0.1322	1.0	2607.3745279312134
447	25.612822	1.8507574	29.80183	20.818407	200.0	14.194385	2.083882	17.737453	8.632895	2240000	1.373291e-08	0.7010489	-0.0016221977	-0.12822461	-4.7652707	0.008461954	0.1106	1.0	2613.0659790039062
448	25.288063	1.5958959	28.54183	21.970825	200.0	14.26154	2.2093575	18.016428	7.908522	2245000	-1.9073486e-08	0.69985986	0.003341147	-0.099337995	-4.784449	0.019228704	0.2428	1.0	2618.4855201244354
449	24.984583	1.6824106	29.426392	22.053602	200.0	14.367307	2.22919	18.218422	8.33133	2250000	-3.566742e-08	0.7808283	-0.0015888455	-0.10893631	-4.7289376	0.011319327	0.1592	1.0	2623.930142879486
450	25.806396	1.8037574	28.466143	21.92899	200.0	14.506109	2.1791625	18.154648	7.014887	2255000	-1.3980865e-07	0.8934372	-0.000800622	-0.14577472	-4.7673397	0.019504685	0.2448	1.0	2630.4159541130066
451	24.925745	1.4859188	27.870796	21.700397	200.0	14.295257	2.2712622	17.90295	7.2165775	2260000	8.31604e-08	0.8185166	-0.00065714563	-0.12502646	-4.739753	0.009705254	0.1162	1.0	2635.9375360012054
452	25.387661	2.0933478	29.802269	21.793379	200.0	14.204662	2.1521325	17.748913	7.555548	2265000	1.13868715e-07	0.74763393	0.00091358146	-0.079307616	-4.725292	0.0072659645	0.1158	1.0	2641.3284442424774
453	25.323074	1.950727	27.688377	19.477978	200.0	14.250423	2.1812937	17.855862	7.7402296	2270000	-5.1164626e-08	0.89885205	-0.0008967657	-0.11449057	-4.7568226	0.010597604	0.1516	1.0	2648.0045330524445
454	25.298742	1.54381	28.03259	20.933434	200.0	14.308234	2.2450469	18.19591	7.490364	2275000	7.3575976e-08	0.54954827	-0.0039705816	-0.08921942	-4.7348924	0.009926355	0.1044	1.0	2654.4067661762238
455	25.338041	1.5461977	29.646812	22.788229	200.0	14.38537	2.2272317	17.938324	7.9949937	2280000	-8.5830685e-09	0.8860956	-0.0039038183	-0.14796084	-4.7173514	0.008068987	0.102	1.0	2660.1153841018677
456	24.965858	1.5247604	29.161606	21.810064	200.0	14.306389	2.2011852	17.71304	6.684871	2285000	2.951622e-08	0.6273519	-0.0033969	-0.10923374	-4.7702336	0.007333972	0.1138	1.0	2665.5255279541016
457	25.037182	1.525224	27.932053	21.936441	200.0	14.246356	2.1460326	17.818727	7.955521	2290000	-8.010864e-09	0.7016692	0.0011342578	-0.08580595	-4.7524533	0.016375924	0.2228	1.0	2671.099825143814
458	25.609146	1.5439368	29.406088	22.673103	200.0	14.0404625	2.2979066	18.1739	7.2085567	2295000	-6.6757204e-09	1.1169249	-0.0023805737	-0.16589653	-4.7515244	0.0098908665	0.0786	1.0	2676.5914239883423
459	24.74488	2.3536227	29.567305	17.348183	200.0	13.816823	2.3302515	17.869404	7.3077283	2300000	-3.6430357e-08	0.9783832	-0.0020716416	-0.18186086	-4.7791495	0.009646865	0.096	1.0	2682.166039943695
460	25.485344	1.901297	29.0449	21.635561	200.0	13.998806	2.3671813	17.977434	6.11489	2305000	-3.871918e-08	1.1206561	-0.00091038476	-0.16635114	-4.7839837	0.00644428	0.1058	3.0	2688.6388170719147
461	25.655388	1.6265844	28.489119	22.067507	200.0	14.397466	2.2423508	18.187311	8.438561	2310000	-9.536744e-10	0.784102	-0.0005316157	-0.14647597	-4.747457	0.01085545	0.151	1.0	2694.6091771125793
462	25.793219	1.3241783	27.710032	22.695786	200.0	14.615481	2.1956723	18.319054	7.6916223	2315000	-8.392334e-09	0.7791624	-0.0049968115	-0.108297884	-4.7671	0.0060553877	0.0532	1.0	2700.469863176346
463	26.159985	1.6094401	28.938013	21.991312	200.0	14.585228	2.2035766	18.159233	8.889961	2320000	1.5220643e-07	0.738679	-0.0018172226	-0.11896807	-4.7736773	0.0046018194	0.0714	1.0	2706.462646961212
464	25.755293	1.6616188	28.732357	22.584143	200.0	14.691936	2.2600951	18.219076	7.414671	2325000	1.2321472e-07	0.7578152	-0.0043374323	-0.10979861	-4.78353	0.005723787	0.0626	1.0	2712.284801006317
465	25.386728	2.321655	30.218018	20.927364	200.0	14.457	2.2920828	18.259796	7.237536	2330000	-2.3841858e-08	0.8639055	-0.0025600558	-0.10931826	-4.7510495	0.010860666	0.153	1.0	2720.169135093689
466	25.935051	1.9646144	29.531843	22.119984	200.0	14.462991	2.256361	17.96524	8.595173	2335000	-1.8882751e-08	0.92311406	-0.0045935777	-0.120680094	-4.7725573	0.008625339	0.1282	1.0	2727.7649540901184
467	25.808247	1.540748	28.1234	22.480383	200.0	14.327038	2.3038657	18.26656	6.9180202	2340000	-9.670258e-08	1.1697881	-0.0030228626	-0.2594012	-4.7639256	0.009930957	0.1188	1.0	2734.4371190071106
468	26.242329	1.9150314	29.97456	22.316029	200.0	14.386259	2.2963727	18.293327	5.8583865	2345000	2.89917e-08	1.189202	-0.0048521715	-0.20979011	-4.7426376	0.007908853	0.0708	1.0	2741.442176103592
469	26.020147	1.8212343	29.81666	22.510172	200.0	14.582831	2.2292283	18.470219	7.2516704	2350000	-7.696152e-08	1.0587382	-0.0037573455	-0.12348306	-4.7406554	0.006182141	0.0694	1.0	2749.4116740226746
470	26.912952	1.928985	30.027058	23.454168	200.0	14.657753	2.334617	18.457716	7.9104257	2355000	-5.722046e-09	0.97742957	-0.0040895874	-0.21224326	-4.7660456	0.004113258	0.057	1.0	2756.498500108719
471	25.677778	1.9318047	29.086607	20.226187	200.0	14.677272	2.2686462	18.537971	7.7418346	2360000	8.659363e-08	0.9556996	-0.002940684	-0.23116302	-4.754407	0.009221292	0.1504	1.0	2764.6268610954285
472	25.895924	1.6431508	28.285086	21.052536	200.0	14.38202	2.3151267	18.64991	7.5528383	2365000	4.734993e-08	0.85269356	-0.0027637167	-0.13918817	-4.7804127	0.006134912	0.0698	1.0	2771.6627340316772
473	25.456114	1.7183834	29.068754	21.774645	200.0	14.489353	2.2435212	18.005177	7.8032875	2370000	9.298324e-08	0.6207502	-0.004831533	-0.057727277	-4.7914085	0.006825409	0.0922	1.0	2778.1912519931793
474	25.093115	2.0499973	28.979174	21.667421	200.0	14.411586	2.2515614	18.274794	8.195083	2375000	-5.607605e-08	0.95346916	-0.0033785144	-0.20007497	-4.780398	0.009032865	0.1146	1.0	2784.4877219200134
475	25.400873	1.7170677	28.139147	21.60294	200.0	14.185075	2.23801	18.07751	8.604823	2380000	-4.7683715e-09	0.7704131	-0.0044376203	-0.14703965	-4.7633157	0.007542877	0.0592	1.0	2790.37987613678
476	25.828463	1.2271101	28.025162	23.713062	200.0	14.509513	2.2349339	17.958267	8.293472	2385000	-6.866455e-09	0.7780164	-0.0045683905	-0.15362602	-4.729356	0.0066618193	0.0598	1.0	2796.3788001537323
477	25.561003	1.2944407	27.805092	22.508852	200.0	14.613547	2.2005336	18.017254	8.918707	2390000	1.7910004e-07	0.57030606	-0.0037788197	-0.12489718	-4.736058	0.0053306753	0.0502	3.0	2804.278659105301
478	25.178022	1.5846131	28.405638	22.729296	200.0	14.615889	2.2059696	18.161167	8.370915	2395000	-4.3678284e-08	0.8082141	-0.003899107	-0.103498995	-4.7687607	0.0050107893	0.05	1.0	2811.3064470291138
479	24.991365	2.0867915	28.934326	20.451092	200.0	14.30512	2.2517416	18.07017	6.759619	2400000	2.2888185e-09	1.1239681	-0.005565931	-0.17727739	-4.792793	0.00831761	0.0872	3.0	2818.0602312088013
480	25.323048	1.7667083	27.7039	21.516708	200.0	14.265178	2.2751803	17.965294	7.3755617	2405000	-1.7929077e-08	0.73434216	-0.002763266	-0.22757387	-4.805829	0.007923508	0.0512	1.0	2825.3842532634735
481	25.48184	2.0584426	29.05687	20.761742	200.0	14.562786	2.2086895	18.480663	8.4727125	2410000	-2.9373169e-08	0.84705526	-0.0065135052	-0.08152598	-4.7712865	0.007566008	0.1382	3.0	2832.9901401996613
482	25.66593	1.9506611	29.833979	21.922085	200.0	14.573316	2.2422636	19.180647	7.9657755	2415000	-4.234314e-08	0.98297536	-0.00491053	-0.105056226	-4.7434764	0.003937777	0.0532	1.0	2840.0387382507324
483	25.335037	1.8964921	29.691925	22.22985	200.0	14.601086	2.2317266	18.43699	7.963971	2420000	-1.0299683e-08	0.8366006	-0.005452341	-0.123684704	-4.763033	0.007081603	0.06	1.0	2845.41997218132
484	25.269026	1.5889535	28.389162	21.157766	200.0	14.60051	2.24536	18.414392	8.625524	2425000	-6.408691e-08	0.5859166	-0.021957053	-0.099784255	-4.787793	0.0064132414	0.1636	79.0	2854.065426826477
485	24.722736	2.1621718	28.478888	19.638214	200.0	14.484037	2.1947834	18.095497	8.811506	2430000	-1.27792354e-08	0.7586575	-0.0229992	-0.0914284	-4.7769113	0.013635068	0.204	76.0	2860.4183778762817
486	25.92007	1.6016833	29.32737	21.816078	200.0	14.577894	2.168496	18.278471	9.498087	2435000	7.324219e-08	0.7894362	-0.019827101	-0.14375758	-4.823857	0.009766093	0.1378	79.0	2866.9555370807648
487	25.513878	1.7257106	29.307703	21.988327	200.0	14.456478	2.3547838	18.288582	7.2830553	2440000	6.6566464e-08	0.87176096	-0.008284607	-0.13718277	-4.8851266	0.014260034	0.1522	6.0	2872.9507200717926
488	25.40415	1.9438384	29.62803	21.056005	200.0	14.342291	2.4020264	18.326067	5.896691	2445000	1.2702942e-07	1.4260225	-0.0036933317	-0.35500062	-4.891719	0.006596319	0.0648	1.0	2878.98783993721
489	24.994522	1.7338884	27.383986	20.472881	200.0	14.155663	2.2944493	18.248041	8.15859	2450000	-1.9454957e-08	0.7224791	-0.0039179376	-0.1217345	-4.903701	0.0034593435	0.035	1.0	2885.42657995224
490	25.92076	1.7326427	29.515167	22.488218	200.0	14.412964	2.2013576	18.264175	8.310518	2455000	6.980896e-08	0.84258074	-0.0023292378	-0.2758746	-4.9086275	0.0062672743	0.0798	1.0	2892.8847069740295
491	25.6383	1.9626591	28.700937	20.048962	200.0	14.793713	2.2102184	18.468313	9.057009	2460000	1.8119812e-09	0.82618564	-0.0032128256	-0.12798995	-4.86792	0.0078273555	0.1174	1.0	2898.8635172843933
492	25.26397	1.7034307	29.057909	21.096592	200.0	14.479719	2.2803516	18.422464	7.861493	2465000	-8.778572e-08	0.8201933	-0.0029620759	-0.14982408	-4.890436	0.0022111044	0.0238	1.0	2904.8868000507355
493	24.680536	1.9983649	28.533777	20.51136	200.0	14.344313	2.3364985	18.307436	8.354332	2470000	-6.446838e-08	0.86151975	-0.0025791447	-0.18472344	-4.8602805	0.009805064	0.0888	1.0	2910.6164951324463
494	25.329948	1.8199505	28.011326	21.83842	200.0	14.133841	2.2762206	18.112965	8.116753	2475000	1.0375977e-07	0.71028954	-0.001962465	-0.14842981	-4.897932	0.006980037	0.0986	1.0	2916.3776400089264
495	24.866264	1.4862877	28.183825	21.685667	200.0	14.051608	2.3127377	18.0977	7.6773996	2480000	2.4318695e-08	0.86950195	-0.0036998487	-0.15706891	-4.859693	0.01158314	0.1176	1.0	2922.382359981537
496	24.507824	1.9393642	27.295956	19.745253	200.0	14.096344	2.2445889	17.703176	8.233169	2485000	-4.2724608e-08	0.5642793	-0.0026256565	-0.0910131	-4.898908	0.0059154877	0.0458	1.0	2927.8697159290314
497	24.29793	1.8473275	26.639837	18.868944	200.0	14.144541	2.3674676	18.10952	7.278488	2490000	7.915497e-09	0.92074764	-0.0040574702	-0.16111958	-4.878523	0.00657816	0.08	1.0	2933.334012031555
498	25.203701	1.7327614	28.9449	21.326885	200.0	14.102338	2.2265775	17.868198	7.3126454	2495000	-9.4985964e-08	0.6686504	-0.002027771	-0.1739412	-4.9121904	0.010530223	0.1576	1.0	2938.9174389839172
499	25.117653	2.2500563	30.709068	21.727186	200.0	14.222906	2.4069595	18.39761	6.2481375	2500000	1.2340546e-07	1.0669839	0.00031601335	-0.16032791	-4.8717265	0.009891175	0.1108	1.0	2945.492727994919
